season,week,evaluation_split,player_id,player_display_name,position,recent_team,opponent_team,target,side,line,over_price,under_price,selected_price,estimated_side_probability,no_vig_side_probability,probability_advantage,actual,result,pick_validation,profit_units,current_prediction,challenger_prediction,baseline,selected_architecture,target_final_validation_status,bookmaker,source,line_phase,snapshot_time_utc,commence_time_utc
2022,1,final_test,00-0023459,Aaron Rodgers,QB,GB,MIN,passing,over,260.5,-115,-115,-115,0.6063236043574232,0.5,0.10632360435742316,195.0,loss,fail,-1.0,267.2107899204482,279.07606580896737,247.4,regularized_logistic_raw,passed,bovada,xsportsbook_bovada_archive,historical_posted_unstamped,,2022-09-11 20:25:00+00:00
2022,1,final_test,00-0032950,Carson Wentz,QB,WAS,JAX,passing,over,230.5,-115,-115,-115,0.5880041835971648,0.5,0.08800418359716478,313.0,win,pass,0.8695652173913043,222.2968335833556,212.4081226808863,154.6,regularized_logistic_raw,passed,bovada,xsportsbook_bovada_archive,historical_posted_unstamped,,2022-09-11 17:00:00+00:00
2022,1,final_test,00-0031503,Jameis Winston,QB,NO,ATL,passing,over,227.5,-125,-105,-125,0.6491847268830808,0.5203045685279188,0.12888015835516198,269.0,win,pass,0.8,221.4166225757674,238.797619730452,182.2,regularized_logistic_raw,passed,bovada,xsportsbook_bovada_archive,historical_posted_unstamped,,2022-09-11 17:00:00+00:00
2022,1,final_test,00-0026158,Joe Flacco,QB,NYJ,BAL,passing,over,234.5,-115,-115,-115,0.6658132899914198,0.5,0.16581328999141975,309.0,win,pass,0.8695652173913043,237.95927657484688,227.9741217960948,198.2,regularized_logistic_raw,passed,bovada,xsportsbook_bovada_archive,historical_posted_unstamped,,2022-09-11 17:00:00+00:00
2022,1,final_test,00-0036945,Justin Fields,QB,CHI,SF,passing,over,175.5,-115,-115,-115,0.5657553632669982,0.5,0.06575536326699816,121.0,loss,fail,-1.0,208.97028930675452,217.1665305708948,210.8,regularized_logistic_raw,passed,bovada,xsportsbook_bovada_archive,historical_posted_unstamped,,2022-09-11 17:00:00+00:00
2022,1,final_test,00-0036355,Justin Herbert,QB,LAC,LV,passing,under,284.5,-115,-115,-115,0.5766641977874716,0.5,0.07666419778747158,279.0,win,pass,0.8695652173913043,280.82854005787294,274.1468993351468,293.4,regularized_logistic_raw,passed,bovada,xsportsbook_bovada_archive,historical_posted_unstamped,,2022-09-11 20:25:00+00:00
2022,1,final_test,00-0029604,Kirk Cousins,QB,MIN,GB,passing,over,278.5,-115,-115,-115,0.6144552800039336,0.5,0.11445528000393357,277.0,loss,fail,-1.0,246.5568515016689,254.6956475233692,241.6,regularized_logistic_raw,passed,bovada,xsportsbook_bovada_archive,historical_posted_unstamped,,2022-09-11 20:25:00+00:00
2022,1,final_test,00-0034796,Lamar Jackson,QB,BAL,NYJ,passing,over,226.5,-115,-115,-115,0.5608459298362566,0.5,0.060845929836256585,213.0,loss,fail,-1.0,180.2345673709245,195.23479172536787,187.8,regularized_logistic_raw,passed,bovada,xsportsbook_bovada_archive,historical_posted_unstamped,,2022-09-11 17:00:00+00:00
2022,1,final_test,00-0026143,Matt Ryan,QB,IND,HOU,passing,over,239.5,-115,-115,-115,0.5712499696727218,0.5,0.07124996967272179,352.0,win,pass,0.8695652173913043,238.8509610326307,237.4538024899188,210.8,regularized_logistic_raw,passed,bovada,xsportsbook_bovada_archive,historical_posted_unstamped,,2022-09-11 17:00:00+00:00
2022,1,final_test,00-0029263,Russell Wilson,QB,DEN,SEA,passing,over,255.5,-115,-115,-115,0.621513303236194,0.5,0.12151330323619403,340.0,win,pass,0.8695652173913043,241.9485522819532,247.1778587293504,214.2,regularized_logistic_raw,passed,bovada,xsportsbook_bovada_archive,historical_posted_unstamped,,2022-09-13 00:15:00+00:00
2022,1,final_test,00-0019596,Tom Brady,QB,TB,DAL,passing,under,277.5,-115,-115,-115,0.5818711947007897,0.5,0.08187119470078974,212.0,win,pass,0.8695652173913043,282.8506668619334,279.2112770048621,309.0,regularized_logistic_raw,passed,bovada,xsportsbook_bovada_archive,historical_posted_unstamped,,2022-09-12 00:20:00+00:00
2022,2,final_test,00-0032950,Carson Wentz,QB,WAS,DET,passing,over,251.5,-115,-115,-115,0.5794443015395697,0.5,0.07944430153956972,337.0,win,pass,0.8695652173913043,248.2385465652328,249.60109182525696,185.6,regularized_logistic_raw,passed,bovada,xsportsbook_bovada_archive,historical_posted_unstamped,,2022-09-18 17:00:00+00:00
2022,2,final_test,00-0033119,Jacoby Brissett,QB,CLE,NYJ,passing,over,195.5,-110,-120,-110,0.637605665451974,0.48987854251012153,0.14772712294185242,229.0,win,pass,0.9090909090909091,116.37543758970548,136.4356915681577,109.4,regularized_logistic_raw,passed,bovada,xsportsbook_bovada_archive,historical_posted_unstamped,,2022-09-18 17:00:00+00:00
2022,2,final_test,00-0031503,Jameis Winston,QB,NO,TB,passing,over,239.5,-115,-115,-115,0.6315715390775963,0.5,0.13157153907759633,236.0,loss,fail,-1.0,232.16572818511327,242.59034414539835,210.4,regularized_logistic_raw,passed,bovada,xsportsbook_bovada_archive,historical_posted_unstamped,,2022-09-18 17:00:00+00:00
2022,2,final_test,00-0033106,Jared Goff,QB,DET,WAS,passing,over,237.5,-125,-105,-125,0.5735334657735569,0.5203045685279188,0.05322889724563806,256.0,win,pass,0.8,265.9310231753541,262.85687931347786,236.0,regularized_logistic_raw,passed,bovada,xsportsbook_bovada_archive,historical_posted_unstamped,,2022-09-18 17:00:00+00:00
2022,2,final_test,00-0036442,Joe Burrow,QB,CIN,DAL,passing,under,267.5,-115,-115,-115,0.6037804679315184,0.5,0.1037804679315184,199.0,win,pass,0.8695652173913043,281.81039879666537,275.94266461457875,362.8,regularized_logistic_raw,passed,bovada,xsportsbook_bovada_archive,historical_posted_unstamped,,2022-09-18 20:25:00+00:00
2022,2,final_test,00-0034796,Lamar Jackson,QB,BAL,MIA,passing,over,229.5,-115,-115,-115,0.5901895895534699,0.5,0.0901895895534699,318.0,win,pass,0.8695652173913043,217.3858793049056,189.2915265468105,177.2,regularized_logistic_raw,passed,bovada,xsportsbook_bovada_archive,historical_posted_unstamped,,2022-09-18 17:00:00+00:00
2022,2,final_test,00-0032268,Marcus Mariota,QB,ATL,LA,passing,over,223.5,100,-130,100,0.6079836209309425,0.4693877551020409,0.1385958658289016,196.0,loss,fail,-1.0,160.07105852136246,172.68882687606185,43.8,regularized_logistic_raw,passed,bovada,xsportsbook_bovada_archive,historical_posted_unstamped,,2022-09-18 20:05:00+00:00
2022,2,final_test,00-0019596,Tom Brady,QB,TB,NO,passing,under,264.5,-105,-125,-125,0.5969204262928939,0.5203045685279188,0.07661585776497504,190.0,win,pass,0.8,279.8671305281405,278.7253003966068,278.8,regularized_logistic_raw,passed,bovada,xsportsbook_bovada_archive,historical_posted_unstamped,,2022-09-18 17:00:00+00:00
2022,2,final_test,00-0036971,Trevor Lawrence,QB,JAX,IND,passing,under,245.5,-115,-115,-115,0.5698369614319225,0.5,0.06983696143192253,235.0,win,pass,0.8695652173913043,225.91366768008675,232.6231597201572,236.2,regularized_logistic_raw,passed,bovada,xsportsbook_bovada_archive,historical_posted_unstamped,,2022-09-18 17:00:00+00:00
2022,2,final_test,00-0037012,Trey Lance,QB,SF,SEA,passing,over,188.5,-115,-115,-115,0.6076048115921168,0.5,0.10760481159211677,30.0,loss,fail,-1.0,151.63569348881742,169.79155502547854,152.4,regularized_logistic_raw,passed,bovada,xsportsbook_bovada_archive,historical_posted_unstamped,,2022-09-18 20:05:00+00:00
2022,3,final_test,00-0023459,Aaron Rodgers,QB,GB,TB,passing,over,232.5,-115,-115,-115,0.5854488489881005,0.5,0.08544884898810046,255.0,win,pass,0.8695652173913043,237.8709473292588,255.03347376918407,211.4,regularized_logistic_raw,passed,bovada,xsportsbook_bovada_archive,historical_posted_unstamped,,2022-09-25 20:25:00+00:00
2022,3,final_test,00-0034855,Baker Mayfield,QB,CAR,NO,passing,over,206.5,-115,-115,-115,0.6155355298371393,0.5,0.11553552983713933,170.0,loss,fail,-1.0,215.51646329274155,216.05004538612457,195.4,regularized_logistic_raw,passed,bovada,xsportsbook_bovada_archive,historical_posted_unstamped,,2022-09-25 17:00:00+00:00
2022,3,final_test,00-0033662,Cooper Rush,QB,DAL,NYG,passing,over,209.5,-115,-115,-115,0.5617292317327701,0.5,0.06172923173277012,215.0,win,pass,0.8695652173913043,164.09646708669632,182.7344395565131,79.2,regularized_logistic_raw,passed,bovada,xsportsbook_bovada_archive,historical_posted_unstamped,,2022-09-27 00:15:00+00:00
2022,3,final_test,00-0030565,Geno Smith,QB,SEA,ATL,passing,under,216.5,-135,105,105,0.5909034155371682,0.4592085979482169,0.1316948175889513,325.0,loss,fail,-1.0,222.38081410864964,219.67495755114203,192.6,regularized_logistic_raw,passed,bovada,xsportsbook_bovada_archive,historical_posted_unstamped,,2022-09-25 20:25:00+00:00
2022,3,final_test,00-0036389,Jalen Hurts,QB,PHI,WAS,passing,under,239.5,-115,-115,-115,0.5935306057098193,0.5,0.0935306057098193,340.0,loss,fail,-1.0,223.73973559608896,227.33071678013576,257.0,regularized_logistic_raw,passed,bovada,xsportsbook_bovada_archive,historical_posted_unstamped,,2022-09-25 17:00:00+00:00
2022,3,final_test,00-0031503,Jameis Winston,QB,NO,CAR,passing,over,223.5,110,-145,110,0.5984570912636108,0.4458598726114649,0.15259721865214587,353.0,win,pass,1.1,219.2499055956656,229.31743045018072,212.4,regularized_logistic_raw,passed,bovada,xsportsbook_bovada_archive,historical_posted_unstamped,,2022-09-25 17:00:00+00:00
2022,3,final_test,00-0033106,Jared Goff,QB,DET,MIN,passing,over,253.5,-105,-125,-105,0.5988503923609352,0.4796954314720812,0.11915496088885397,277.0,win,pass,0.9523809523809523,268.37423970101673,266.5425004255705,228.0,regularized_logistic_raw,passed,bovada,xsportsbook_bovada_archive,historical_posted_unstamped,,2022-09-25 17:00:00+00:00
2022,3,final_test,00-0036945,Justin Fields,QB,CHI,HOU,passing,over,167.5,-115,-115,-115,0.6327927760980991,0.5,0.13279277609809914,106.0,loss,fail,-1.0,178.53642477423287,158.15624398224918,155.8,regularized_logistic_raw,passed,bovada,xsportsbook_bovada_archive,historical_posted_unstamped,,2022-09-25 17:00:00+00:00
2022,3,final_test,00-0035228,Kyler Murray,QB,ARI,LA,passing,under,250.5,-115,-115,-115,0.5613317502957584,0.5,0.061331750295758436,314.0,loss,fail,-1.0,250.60654961169905,250.381488755262,243.6,regularized_logistic_raw,passed,bovada,xsportsbook_bovada_archive,historical_posted_unstamped,,2022-09-25 20:25:00+00:00
2022,3,final_test,00-0034796,Lamar Jackson,QB,BAL,NE,passing,over,214.5,-115,-115,-115,0.5734776212754575,0.5,0.07347762127545754,218.0,win,pass,0.8695652173913043,219.1623886582687,210.60382846676663,193.2,regularized_logistic_raw,passed,bovada,xsportsbook_bovada_archive,historical_posted_unstamped,,2022-09-25 17:00:00+00:00
2022,3,final_test,00-0029701,Ryan Tannehill,QB,TEN,LV,passing,over,209.5,-115,-115,-115,0.5603737768757766,0.5,0.06037377687577661,264.0,win,pass,0.8695652173913043,240.52694305406385,228.702669395255,199.8,regularized_logistic_raw,passed,bovada,xsportsbook_bovada_archive,historical_posted_unstamped,,2022-09-25 17:00:00+00:00
2022,3,final_test,00-0036212,Tua Tagovailoa,QB,MIA,BUF,passing,under,264.5,-105,-125,-125,0.5969872779967618,0.5203045685279188,0.07668270946884292,186.0,win,pass,0.8,247.5904313622108,246.11488239899265,250.2,regularized_logistic_raw,passed,bovada,xsportsbook_bovada_archive,historical_posted_unstamped,,2022-09-25 17:00:00+00:00
2022,4,final_test,00-0034855,Baker Mayfield,QB,CAR,ARI,passing,over,203.5,-115,-115,-115,0.6657227754628051,0.5,0.16572277546280512,197.0,loss,fail,-1.0,218.1056974797504,215.52822882586852,191.4,regularized_logistic_raw,passed,bovada,xsportsbook_bovada_archive,historical_posted_unstamped,,2022-10-02 20:05:00+00:00
2022,4,final_test,00-0030565,Geno Smith,QB,SEA,DET,passing,under,252.5,-115,-115,-115,0.6464614005176744,0.5,0.14646140051767442,320.0,loss,fail,-1.0,232.3794163829089,231.96997253762044,215.8,regularized_logistic_raw,passed,bovada,xsportsbook_bovada_archive,historical_posted_unstamped,,2022-10-02 17:00:00+00:00
2022,4,final_test,00-0033119,Jacoby Brissett,QB,CLE,ATL,passing,under,211.5,-115,-115,-115,0.5645509861055596,0.5,0.06455098610555965,234.0,loss,fail,-1.0,222.21934794425275,212.04334296623068,119.2,regularized_logistic_raw,passed,bovada,xsportsbook_bovada_archive,historical_posted_unstamped,,2022-10-02 17:00:00+00:00
2022,4,final_test,00-0036389,Jalen Hurts,QB,PHI,JAX,passing,under,245.5,-105,-125,-125,0.619114301710057,0.5203045685279188,0.09880973318213815,204.0,win,pass,0.8,230.11926096287905,239.6551349946677,265.8,regularized_logistic_raw,passed,bovada,xsportsbook_bovada_archive,historical_posted_unstamped,,2022-10-02 17:00:00+00:00
2022,4,final_test,00-0034857,Josh Allen,QB,BUF,BAL,passing,under,287.5,-130,100,100,0.5628067490048763,0.4693877551020408,0.09341899390283548,213.0,win,pass,1.0,264.50775639432123,279.5386349680268,274.6,regularized_logistic_raw,passed,bovada,xsportsbook_bovada_archive,historical_posted_unstamped,,2022-10-02 17:00:00+00:00
2022,4,final_test,00-0036945,Justin Fields,QB,CHI,NYG,passing,over,146.5,-115,-115,-115,0.6299752775383078,0.5,0.12997527753830784,174.0,win,pass,0.8695652173913043,136.9583761285919,143.87827127652096,161.2,regularized_logistic_raw,passed,bovada,xsportsbook_bovada_archive,historical_posted_unstamped,,2022-10-02 17:00:00+00:00
2022,4,final_test,00-0035228,Kyler Murray,QB,ARI,CAR,passing,under,236.5,-115,-115,-115,0.6183314564582597,0.5,0.11833145645825971,207.0,win,pass,0.8695652173913043,248.68847340676749,242.64116576590047,257.4,regularized_logistic_raw,passed,bovada,xsportsbook_bovada_archive,historical_posted_unstamped,,2022-10-02 20:05:00+00:00
2022,4,final_test,00-0036971,Trevor Lawrence,QB,JAX,PHI,passing,under,227.5,-105,-125,-125,0.575020642060539,0.5203045685279188,0.0547160735326202,174.0,win,pass,0.8,253.42113731528468,249.8551732356792,237.6,regularized_logistic_raw,passed,bovada,xsportsbook_bovada_archive,historical_posted_unstamped,,2022-10-02 17:00:00+00:00
2022,4,final_test,00-0037013,Zach Wilson,QB,NYJ,PIT,passing,over,205.5,-115,-115,-115,0.5664915608553791,0.5,0.0664915608553791,252.0,win,pass,0.8695652173913043,186.09033689143664,170.73906173137777,159.0,regularized_logistic_raw,passed,bovada,xsportsbook_bovada_archive,historical_posted_unstamped,,2022-10-02 17:00:00+00:00
2022,5,final_test,00-0023459,Aaron Rodgers,QB,GB,NYG,passing,under,233.5,-115,-115,-115,0.591177926649264,0.5,0.09117792664926405,222.0,win,pass,0.8695652173913043,240.72126046731617,248.4802094870064,214.6,regularized_logistic_raw,passed,bovada,xsportsbook_bovada_archive,historical_posted_unstamped,,2022-10-09 13:30:00+00:00
2022,5,final_test,00-0027973,Andy Dalton,QB,NO,SEA,passing,under,243.5,-115,-115,-115,0.5683222236063277,0.5,0.06832222360632767,187.0,win,pass,0.8695652173913043,218.71058789385972,223.4230705379821,256.0,regularized_logistic_raw,passed,bovada,xsportsbook_bovada_archive,historical_posted_unstamped,,2022-10-09 17:00:00+00:00
2022,5,final_test,00-0033662,Cooper Rush,QB,DAL,LA,passing,under,232.5,-105,-125,-125,0.6053545433742002,0.5203045685279188,0.0850499748462814,102.0,win,pass,0.8,178.54847715628588,181.3520384468538,149.4,regularized_logistic_raw,passed,bovada,xsportsbook_bovada_archive,historical_posted_unstamped,,2022-10-09 20:25:00+00:00
2022,5,final_test,00-0036898,Davis Mills,QB,HOU,JAX,passing,under,236.5,-115,-115,-115,0.585639366441321,0.5,0.08563936644132097,140.0,win,pass,0.8695652173913043,211.3509951162385,217.8346982400897,241.8,regularized_logistic_raw,passed,bovada,xsportsbook_bovada_archive,historical_posted_unstamped,,2022-10-09 17:00:00+00:00
2022,5,final_test,00-0031280,Derek Carr,QB,LV,KC,passing,under,275.5,-115,-115,-115,0.5673679759308594,0.5,0.06736797593085941,241.0,win,pass,0.8695652173913043,260.6068459666886,253.3920560978632,244.8,regularized_logistic_raw,passed,bovada,xsportsbook_bovada_archive,historical_posted_unstamped,,2022-10-11 00:15:00+00:00
2022,5,final_test,00-0030565,Geno Smith,QB,SEA,NO,passing,under,242.5,-115,-115,-115,0.7313104354253226,0.5,0.2313104354253226,268.0,loss,fail,-1.0,212.02494892170657,220.2140579540808,246.4,regularized_logistic_raw,passed,bovada,xsportsbook_bovada_archive,historical_posted_unstamped,,2022-10-09 17:00:00+00:00
2022,5,final_test,00-0033119,Jacoby Brissett,QB,CLE,LAC,passing,under,213.5,-115,-115,-115,0.6607533042967095,0.5,0.16075330429670953,230.0,loss,fail,-1.0,190.02388162044352,188.09377239157,166.0,regularized_logistic_raw,passed,bovada,xsportsbook_bovada_archive,historical_posted_unstamped,,2022-10-09 17:00:00+00:00
2022,5,final_test,00-0036389,Jalen Hurts,QB,PHI,ARI,passing,under,247.5,-135,105,105,0.6679189876801228,0.4592085979482169,0.20871038973190592,239.0,win,pass,1.05,222.48826278079235,218.7901473864208,266.8,regularized_logistic_raw,passed,bovada,xsportsbook_bovada_archive,historical_posted_unstamped,,2022-10-09 20:25:00+00:00
2022,5,final_test,00-0033106,Jared Goff,QB,DET,NE,passing,under,239.5,-115,-115,-115,0.567675596916887,0.5,0.06767559691688696,229.0,win,pass,0.8695652173913043,282.1884335381394,280.0239907900296,272.8,regularized_logistic_raw,passed,bovada,xsportsbook_bovada_archive,historical_posted_unstamped,,2022-10-09 17:00:00+00:00
2022,5,final_test,00-0034857,Josh Allen,QB,BUF,PIT,passing,under,273.5,-115,-115,-115,0.6619050232248751,0.5,0.1619050232248751,424.0,loss,fail,-1.0,263.75350533333204,257.5895762343921,293.2,regularized_logistic_raw,passed,bovada,xsportsbook_bovada_archive,historical_posted_unstamped,,2022-10-09 17:00:00+00:00
2022,5,final_test,00-0036945,Justin Fields,QB,CHI,MIN,passing,over,161.5,-115,-115,-115,0.5775804238143468,0.5,0.07758042381434682,208.0,win,pass,0.8695652173913043,124.83454912571092,147.0933155844644,151.2,regularized_logistic_raw,passed,bovada,xsportsbook_bovada_archive,historical_posted_unstamped,,2022-10-09 17:00:00+00:00
2022,5,final_test,00-0036355,Justin Herbert,QB,LAC,CLE,passing,under,273.5,-115,-115,-115,0.6420014978004199,0.5,0.14200149780041993,228.0,win,pass,0.8695652173913043,273.1725463332819,275.3796189013551,326.6,regularized_logistic_raw,passed,bovada,xsportsbook_bovada_archive,historical_posted_unstamped,,2022-10-09 17:00:00+00:00
2022,5,final_test,00-0029604,Kirk Cousins,QB,MIN,CHI,passing,under,249.5,-115,-115,-115,0.6352228418763666,0.5,0.13522284187636657,296.0,loss,fail,-1.0,246.01625247316528,235.1106971386216,256.2,regularized_logistic_raw,passed,bovada,xsportsbook_bovada_archive,historical_posted_unstamped,,2022-10-09 17:00:00+00:00
2022,5,final_test,00-0035228,Kyler Murray,QB,ARI,PHI,passing,under,250.5,-115,-115,-115,0.6950859456920345,0.5,0.19508594569203452,250.0,win,pass,0.8695652173913043,238.7740246118261,229.3016084485759,246.2,regularized_logistic_raw,passed,bovada,xsportsbook_bovada_archive,historical_posted_unstamped,,2022-10-09 20:25:00+00:00
2022,5,final_test,00-0032268,Marcus Mariota,QB,ATL,TB,passing,under,200.5,-115,-115,-115,0.5724926975281697,0.5,0.07249269752816967,147.0,win,pass,0.8695652173913043,162.1039874507732,166.84109910333194,156.6,regularized_logistic_raw,passed,bovada,xsportsbook_bovada_archive,historical_posted_unstamped,,2022-10-09 17:00:00+00:00
2022,5,final_test,00-0026143,Matt Ryan,QB,IND,DEN,passing,under,229.5,-115,-115,-115,0.577618982436494,0.5,0.07761898243649401,251.0,loss,fail,-1.0,247.14651737314972,241.85738814211444,268.2,regularized_logistic_raw,passed,bovada,xsportsbook_bovada_archive,historical_posted_unstamped,,2022-10-07 00:15:00+00:00
2022,5,final_test,00-0026498,Matthew Stafford,QB,LA,DAL,passing,under,260.5,100,-130,-130,0.634710715115997,0.5306122448979591,0.10409847021803786,308.0,loss,fail,-1.0,250.4197637548545,250.7756816386679,250.6,regularized_logistic_raw,passed,bovada,xsportsbook_bovada_archive,historical_posted_unstamped,,2022-10-09 20:25:00+00:00
2022,5,final_test,00-0031237,Teddy Bridgewater,QB,MIA,NYJ,passing,over,244.5,-145,110,-145,0.5835118004391525,0.554140127388535,0.029371673050617497,0.0,loss,fail,-1.0,127.37396902416752,145.56284879250916,145.4,regularized_logistic_raw,passed,bovada,xsportsbook_bovada_archive,historical_posted_unstamped,,2022-10-09 17:00:00+00:00
2022,5,final_test,00-0019596,Tom Brady,QB,TB,ATL,passing,under,284.5,-115,-115,-115,0.659982310578479,0.5,0.159982310578479,351.0,loss,fail,-1.0,283.9334637658092,283.36439792310955,276.8,regularized_logistic_raw,passed,bovada,xsportsbook_bovada_archive,historical_posted_unstamped,,2022-10-09 17:00:00+00:00
2022,5,final_test,00-0036971,Trevor Lawrence,QB,JAX,HOU,passing,under,246.5,-115,-115,-115,0.564115031202804,0.5,0.06411503120280404,286.0,loss,fail,-1.0,259.6495806334188,256.33802332837297,233.8,regularized_logistic_raw,passed,bovada,xsportsbook_bovada_archive,historical_posted_unstamped,,2022-10-09 17:00:00+00:00
2022,6,final_test,00-0023459,Aaron Rodgers,QB,GB,NYJ,passing,under,244.5,-115,-115,-115,0.5898757171188842,0.5,0.0898757171188842,246.0,loss,fail,-1.0,259.7902244228797,253.9128065275993,231.4,regularized_logistic_raw,passed,bovada,xsportsbook_bovada_archive,historical_posted_unstamped,,2022-10-16 17:00:00+00:00
2022,6,final_test,00-0032950,Carson Wentz,QB,WAS,CHI,passing,under,220.5,-115,-115,-115,0.5654154022134952,0.5,0.06541540221349518,99.0,win,pass,0.8695652173913043,233.2905754443928,226.13110219766924,278.0,regularized_logistic_raw,passed,bovada,xsportsbook_bovada_archive,historical_posted_unstamped,,2022-10-14 00:15:00+00:00
2022,6,final_test,00-0030565,Geno Smith,QB,SEA,ARI,passing,under,266.5,105,-135,-135,0.6799749935972541,0.5407914020517831,0.139183591545471,197.0,win,pass,0.7407407407407407,208.10088715422583,219.8678910216994,261.0,regularized_logistic_raw,passed,bovada,xsportsbook_bovada_archive,historical_posted_unstamped,,2022-10-16 20:05:00+00:00
2022,6,final_test,00-0033119,Jacoby Brissett,QB,CLE,NE,passing,under,203.5,100,-130,-130,0.6859315913608162,0.5306122448979591,0.15531934646285706,266.0,loss,fail,-1.0,203.6759802201152,208.2686477145395,212.0,regularized_logistic_raw,passed,bovada,xsportsbook_bovada_archive,historical_posted_unstamped,,2022-10-16 17:00:00+00:00
2022,6,final_test,00-0036389,Jalen Hurts,QB,PHI,DAL,passing,under,235.5,-115,-115,-115,0.6766729575933957,0.5,0.17667295759339574,155.0,win,pass,0.8695652173913043,219.17811601579257,222.28477128773133,271.8,regularized_logistic_raw,passed,bovada,xsportsbook_bovada_archive,historical_posted_unstamped,,2022-10-17 00:20:00+00:00
2022,6,final_test,00-0036442,Joe Burrow,QB,CIN,NO,passing,under,245.5,-120,-110,-110,0.5751582876849768,0.4898785425101214,0.08527974517485537,300.0,loss,fail,-1.0,264.0490894169181,269.0943002626085,263.2,regularized_logistic_raw,passed,bovada,xsportsbook_bovada_archive,historical_posted_unstamped,,2022-10-16 17:00:00+00:00
2022,6,final_test,00-0034857,Josh Allen,QB,BUF,KC,passing,under,299.5,-105,-125,-125,0.627282327882901,0.5203045685279188,0.1069777593549821,329.0,loss,fail,-1.0,269.8584447102481,265.66555443771995,330.2,regularized_logistic_raw,passed,bovada,xsportsbook_bovada_archive,historical_posted_unstamped,,2022-10-16 20:25:00+00:00
2022,6,final_test,00-0036355,Justin Herbert,QB,LAC,DEN,passing,under,266.5,-125,-105,-105,0.6119337520283569,0.47969543147208116,0.1322383205562757,238.0,win,pass,0.9523809523809523,276.76524005612583,280.03789701965184,295.6,regularized_logistic_raw,passed,bovada,xsportsbook_bovada_archive,historical_posted_unstamped,,2022-10-18 00:15:00+00:00
2022,6,final_test,00-0029604,Kirk Cousins,QB,MIN,MIA,passing,under,261.5,-115,-115,-115,0.6465712239461783,0.5,0.14657122394617828,175.0,win,pass,0.8695652173913043,253.9538502567408,250.4360297659196,265.4,regularized_logistic_raw,passed,bovada,xsportsbook_bovada_archive,historical_posted_unstamped,,2022-10-16 17:00:00+00:00
2022,6,final_test,00-0035228,Kyler Murray,QB,ARI,SEA,passing,under,257.5,-135,105,105,0.6841578987452628,0.4592085979482169,0.2249493007970459,222.0,win,pass,1.05,246.67062894648924,241.61059665344703,248.2,regularized_logistic_raw,passed,bovada,xsportsbook_bovada_archive,historical_posted_unstamped,,2022-10-16 20:05:00+00:00
2022,6,final_test,00-0026143,Matt Ryan,QB,IND,JAX,passing,under,242.5,-115,-115,-115,0.6159693032739292,0.5,0.11596930327392918,389.0,loss,fail,-1.0,245.9025212616904,236.47438525494576,275.2,regularized_logistic_raw,passed,bovada,xsportsbook_bovada_archive,historical_posted_unstamped,,2022-10-16 17:00:00+00:00
2022,6,final_test,00-0026498,Matthew Stafford,QB,LA,CAR,passing,under,260.5,100,-130,-130,0.608372381751122,0.5306122448979591,0.07776013685316285,253.0,win,pass,0.7692307692307693,251.1301645371026,244.36016538669887,264.6,regularized_logistic_raw,passed,bovada,xsportsbook_bovada_archive,historical_posted_unstamped,,2022-10-16 20:05:00+00:00
2022,6,final_test,00-0019596,Tom Brady,QB,TB,PIT,passing,under,285.5,-130,100,100,0.730407443296856,0.4693877551020408,0.26101968819481525,243.0,win,pass,1.0,263.96455828280483,261.1578341134141,281.8,regularized_logistic_raw,passed,bovada,xsportsbook_bovada_archive,historical_posted_unstamped,,2022-10-16 17:00:00+00:00
2022,6,final_test,00-0036971,Trevor Lawrence,QB,JAX,IND,passing,under,238.5,-115,-115,-115,0.604060563434659,0.5,0.10406056343465897,165.0,win,pass,0.8695652173913043,236.84423444393303,240.3973190286176,246.4,regularized_logistic_raw,passed,bovada,xsportsbook_bovada_archive,historical_posted_unstamped,,2022-10-16 17:00:00+00:00
2022,7,final_test,00-0023459,Aaron Rodgers,QB,GB,WAS,passing,under,233.5,-115,-115,-115,0.5870649342565292,0.5,0.08706493425652917,194.0,win,pass,0.8695652173913043,257.0605764791624,256.2297884223608,241.6,regularized_logistic_raw,passed,bovada,xsportsbook_bovada_archive,historical_posted_unstamped,,2022-10-23 17:00:00+00:00
2022,7,final_test,00-0035710,Daniel Jones,QB,NYG,JAX,passing,under,197.5,-115,-115,-115,0.5632031150896881,0.5,0.06320311508968812,202.0,loss,fail,-1.0,201.64113919617253,206.9288904271663,166.6,regularized_logistic_raw,passed,bovada,xsportsbook_bovada_archive,historical_posted_unstamped,,2022-10-23 17:00:00+00:00
2022,7,final_test,00-0036898,Davis Mills,QB,HOU,LV,passing,under,231.5,100,-130,-130,0.597410448798158,0.5306122448979591,0.06679820390019886,302.0,loss,fail,-1.0,213.71447801836973,219.68163578327795,209.6,regularized_logistic_raw,passed,bovada,xsportsbook_bovada_archive,historical_posted_unstamped,,2022-10-23 20:05:00+00:00
2022,7,final_test,00-0031280,Derek Carr,QB,LV,HOU,passing,under,251.5,-145,110,110,0.562564140427122,0.445859872611465,0.11670426781565701,241.0,win,pass,1.1,264.7704065484452,263.81762397367083,255.8,regularized_logistic_raw,passed,bovada,xsportsbook_bovada_archive,historical_posted_unstamped,,2022-10-23 20:05:00+00:00
2022,7,final_test,00-0030565,Geno Smith,QB,SEA,LAC,passing,under,260.5,100,-130,-130,0.6364347446294474,0.5306122448979591,0.10582249973148827,210.0,win,pass,0.7692307692307693,202.0006038193689,216.25597003520608,261.4,regularized_logistic_raw,passed,bovada,xsportsbook_bovada_archive,historical_posted_unstamped,,2022-10-23 20:25:00+00:00
2022,7,final_test,00-0033119,Jacoby Brissett,QB,CLE,BAL,passing,under,216.5,-130,100,100,0.6718288003318813,0.4693877551020408,0.20244104522984052,258.0,loss,fail,-1.0,217.31379860145304,212.2032007666541,235.8,regularized_logistic_raw,passed,bovada,xsportsbook_bovada_archive,historical_posted_unstamped,,2022-10-23 17:00:00+00:00
2022,7,final_test,00-0031345,Jimmy Garoppolo,QB,SF,KC,passing,under,251.5,-115,-115,-115,0.597404746277474,0.5,0.09740474627747397,303.0,loss,fail,-1.0,251.4265839532141,250.4691087710994,230.6,regularized_logistic_raw,passed,bovada,xsportsbook_bovada_archive,historical_posted_unstamped,,2022-10-23 20:25:00+00:00
2022,7,final_test,00-0036442,Joe Burrow,QB,CIN,ATL,passing,under,283.5,-115,-115,-115,0.6015288979295446,0.5,0.10152889792954456,481.0,loss,fail,-1.0,264.20578139709454,265.2150344770324,255.6,regularized_logistic_raw,passed,bovada,xsportsbook_bovada_archive,historical_posted_unstamped,,2022-10-23 17:00:00+00:00
2022,7,final_test,00-0036355,Justin Herbert,QB,LAC,SEA,passing,under,281.5,-135,105,105,0.6612459492904705,0.4592085979482169,0.20203735134225365,293.0,loss,fail,-1.0,270.40364057867663,272.5415122791833,287.4,regularized_logistic_raw,passed,bovada,xsportsbook_bovada_archive,historical_posted_unstamped,,2022-10-23 20:25:00+00:00
2022,7,final_test,00-0038102,Kenny Pickett,QB,PIT,MIA,passing,under,223.5,-115,-115,-115,0.6249931168483529,0.5,0.1249931168483529,257.0,loss,fail,-1.0,176.09482460431727,179.44558795842767,171.33333333333334,regularized_logistic_raw,passed,bovada,xsportsbook_bovada_archive,historical_posted_unstamped,,2022-10-24 00:20:00+00:00
2022,7,final_test,00-0035228,Kyler Murray,QB,ARI,NO,passing,under,245.5,105,-135,-135,0.6789218269528219,0.5407914020517831,0.13813042490103877,204.0,win,pass,0.7407407407407407,245.1257524176317,244.1397624721736,254.0,regularized_logistic_raw,passed,bovada,xsportsbook_bovada_archive,historical_posted_unstamped,,2022-10-21 00:15:00+00:00
2022,7,final_test,00-0034796,Lamar Jackson,QB,BAL,CLE,passing,under,211.5,-130,100,100,0.56095472008753,0.4693877551020408,0.09156696498548922,120.0,win,pass,1.0,195.75970196613383,193.19226661432288,212.8,regularized_logistic_raw,passed,bovada,xsportsbook_bovada_archive,historical_posted_unstamped,,2022-10-23 17:00:00+00:00
2022,7,final_test,00-0036972,Mac Jones,QB,NE,CHI,passing,under,214.5,-115,-115,-115,0.6543663499639292,0.5,0.15436634996392917,13.0,win,pass,0.8695652173913043,218.7068022899444,215.3847103787366,254.8,regularized_logistic_raw,passed,bovada,xsportsbook_bovada_archive,historical_posted_unstamped,,2022-10-25 00:15:00+00:00
2022,7,final_test,00-0026143,Matt Ryan,QB,IND,TEN,passing,under,250.5,-115,-115,-115,0.6597815407559222,0.5,0.1597815407559222,243.0,win,pass,0.8695652173913043,254.5283799178833,250.3191408028329,282.6,regularized_logistic_raw,passed,bovada,xsportsbook_bovada_archive,historical_posted_unstamped,,2022-10-23 17:00:00+00:00
2022,7,final_test,00-0019596,Tom Brady,QB,TB,CAR,passing,under,264.5,-130,100,100,0.7392051979699047,0.4693877551020408,0.2698174428678639,290.0,loss,fail,-1.0,257.59209815157607,264.33328074826943,288.0,regularized_logistic_raw,passed,bovada,xsportsbook_bovada_archive,historical_posted_unstamped,,2022-10-23 17:00:00+00:00
2022,7,final_test,00-0036971,Trevor Lawrence,QB,JAX,NYG,passing,under,225.5,-115,-115,-115,0.5862153955991369,0.5,0.08621539559913693,310.0,loss,fail,-1.0,204.2413578203846,209.8156387154525,224.4,regularized_logistic_raw,passed,bovada,xsportsbook_bovada_archive,historical_posted_unstamped,,2022-10-23 17:00:00+00:00
2022,7,final_test,00-0036212,Tua Tagovailoa,QB,MIA,PIT,passing,under,249.5,-145,110,110,0.563057038622327,0.445859872611465,0.11719716601086205,261.0,loss,fail,-1.0,244.18980914915548,227.9079256662032,228.8,regularized_logistic_raw,passed,bovada,xsportsbook_bovada_archive,historical_posted_unstamped,,2022-10-24 00:20:00+00:00
2022,8,final_test,00-0023459,Aaron Rodgers,QB,GB,BUF,passing,under,236.5,-110,-120,-120,0.5922812446099562,0.5101214574898785,0.08215978712007777,203.0,win,pass,0.8333333333333334,251.1379540632227,252.18380604686828,233.6,regularized_logistic_raw,passed,bovada,xsportsbook_bovada_archive,historical_posted_unstamped,,2022-10-31 00:20:00+00:00
2022,8,final_test,00-0027973,Andy Dalton,QB,NO,LV,passing,under,245.5,100,-130,-130,0.5733174058806055,0.5306122448979591,0.04270516098264643,229.0,win,pass,0.7692307692307693,239.9865910068192,246.08612024108257,254.2,regularized_logistic_raw,passed,bovada,xsportsbook_bovada_archive,historical_posted_unstamped,,2022-10-30 17:00:00+00:00
2022,8,final_test,00-0035710,Daniel Jones,QB,NYG,SEA,passing,under,199.5,-115,-115,-115,0.6013475002058977,0.5,0.10134750020589767,176.0,win,pass,0.8695652173913043,218.54498898107684,211.5182481319044,171.8,regularized_logistic_raw,passed,bovada,xsportsbook_bovada_archive,historical_posted_unstamped,,2022-10-30 20:25:00+00:00
2022,8,final_test,00-0036898,Davis Mills,QB,HOU,TEN,passing,under,228.5,-130,100,100,0.605233199316897,0.4693877551020408,0.13584544421485623,152.0,win,pass,1.0,224.7066185266114,228.47662690480064,222.0,regularized_logistic_raw,passed,bovada,xsportsbook_bovada_archive,historical_posted_unstamped,,2022-10-30 20:05:00+00:00
2022,8,final_test,00-0031280,Derek Carr,QB,LV,NO,passing,under,256.5,-110,-120,-120,0.5976129268274373,0.5101214574898785,0.0874914693375588,101.0,win,pass,0.8333333333333334,259.65403444922526,261.48162166160097,245.0,regularized_logistic_raw,passed,bovada,xsportsbook_bovada_archive,historical_posted_unstamped,,2022-10-30 17:00:00+00:00
2022,8,final_test,00-0030565,Geno Smith,QB,SEA,NYG,passing,under,236.5,105,-135,-135,0.6108596387224436,0.5407914020517831,0.07006823667066053,212.0,win,pass,0.7407407407407407,207.79717997135884,223.11084346982773,264.0,regularized_logistic_raw,passed,bovada,xsportsbook_bovada_archive,historical_posted_unstamped,,2022-10-30 20:25:00+00:00
2022,8,final_test,00-0033119,Jacoby Brissett,QB,CLE,CIN,passing,under,217.5,-115,-115,-115,0.7145080214300665,0.5,0.21450802143006653,278.0,loss,fail,-1.0,204.31282072856337,203.0518960488865,241.6,regularized_logistic_raw,passed,bovada,xsportsbook_bovada_archive,historical_posted_unstamped,,2022-11-01 00:15:00+00:00
2022,8,final_test,00-0036389,Jalen Hurts,QB,PHI,PIT,passing,under,227.5,-150,115,115,0.596338590509196,0.4366812227074236,0.15965736780177242,285.0,loss,fail,-1.0,223.83754407540133,230.8548044545301,254.2,regularized_logistic_raw,passed,bovada,xsportsbook_bovada_archive,historical_posted_unstamped,,2022-10-30 17:00:00+00:00
2022,8,final_test,00-0031345,Jimmy Garoppolo,QB,SF,LA,passing,under,238.5,-115,-115,-115,0.6504797088495071,0.5,0.15047970884950712,235.0,win,pass,0.8695652173913043,244.54109558047435,252.12013096769897,260.4,regularized_logistic_raw,passed,bovada,xsportsbook_bovada_archive,historical_posted_unstamped,,2022-10-30 20:25:00+00:00
2022,8,final_test,00-0036442,Joe Burrow,QB,CIN,CLE,passing,under,275.5,-115,-115,-115,0.6636326925918652,0.5,0.1636326925918652,232.0,win,pass,0.8695652173913043,273.56180785058893,274.60992846371323,312.0,regularized_logistic_raw,passed,bovada,xsportsbook_bovada_archive,historical_posted_unstamped,,2022-11-01 00:15:00+00:00
2022,8,final_test,00-0034857,Josh Allen,QB,BUF,GB,passing,under,276.5,-120,-110,-110,0.6315079903483267,0.4898785425101214,0.1416294478382053,218.0,win,pass,0.9090909090909091,260.5575674039152,263.3589007425235,336.6,regularized_logistic_raw,passed,bovada,xsportsbook_bovada_archive,historical_posted_unstamped,,2022-10-31 00:20:00+00:00
2022,8,final_test,00-0038102,Kenny Pickett,QB,PIT,PHI,passing,under,218.5,-125,-105,-105,0.6837450542817223,0.47969543147208116,0.20404962280964112,191.0,win,pass,0.9523809523809523,188.55384298747668,185.1599402579082,192.75,regularized_logistic_raw,passed,bovada,xsportsbook_bovada_archive,historical_posted_unstamped,,2022-10-30 17:00:00+00:00
2022,8,final_test,00-0029604,Kirk Cousins,QB,MIN,ARI,passing,under,272.5,-115,-115,-115,0.6223285026468393,0.5,0.12232850264683925,232.0,win,pass,0.8695652173913043,250.36844018617543,253.31518643418136,245.0,regularized_logistic_raw,passed,bovada,xsportsbook_bovada_archive,historical_posted_unstamped,,2022-10-30 17:00:00+00:00
2022,8,final_test,00-0035228,Kyler Murray,QB,ARI,MIN,passing,under,247.5,-125,-105,-105,0.6314074286939468,0.47969543147208116,0.15171199722186568,326.0,loss,fail,-1.0,246.41005123008804,244.829162957413,239.4,regularized_logistic_raw,passed,bovada,xsportsbook_bovada_archive,historical_posted_unstamped,,2022-10-30 17:00:00+00:00
2022,8,final_test,00-0026498,Matthew Stafford,QB,LA,SF,passing,under,259.5,110,-145,-145,0.6656587679674958,0.5541401273885351,0.11151864057896066,187.0,win,pass,0.6896551724137931,244.57582206098004,234.4522555154528,267.2,regularized_logistic_raw,passed,bovada,xsportsbook_bovada_archive,historical_posted_unstamped,,2022-10-30 20:25:00+00:00
2022,8,final_test,00-0031800,Taylor Heinicke,QB,WAS,IND,passing,under,207.5,-115,-115,-115,0.5796730961669216,0.5,0.07967309616692164,279.0,loss,fail,-1.0,176.9658744997836,180.8088430510586,162.2,regularized_logistic_raw,passed,bovada,xsportsbook_bovada_archive,historical_posted_unstamped,,2022-10-30 20:25:00+00:00
2022,8,final_test,00-0019596,Tom Brady,QB,TB,BAL,passing,under,283.5,-120,-110,-110,0.724239283793392,0.4898785425101214,0.23436074128327056,325.0,loss,fail,-1.0,264.9702254297991,258.5208863763952,308.0,regularized_logistic_raw,passed,bovada,xsportsbook_bovada_archive,historical_posted_unstamped,,2022-10-28 00:15:00+00:00
2022,8,final_test,00-0036971,Trevor Lawrence,QB,JAX,DEN,passing,under,217.5,-125,-105,-105,0.6535941774257932,0.47969543147208116,0.17389874595371202,133.0,win,pass,0.9523809523809523,218.819437066746,225.48423962091223,239.4,regularized_logistic_raw,passed,bovada,xsportsbook_bovada_archive,historical_posted_unstamped,,2022-10-30 13:30:00+00:00
2022,9,final_test,00-0027973,Andy Dalton,QB,NO,BAL,passing,under,238.5,-115,-115,-115,0.5701512864454945,0.5,0.07015128644549451,210.0,win,pass,0.8695652173913043,252.33595772034104,235.65061783905327,235.0,regularized_logistic_raw,passed,bovada,xsportsbook_bovada_archive,historical_posted_unstamped,,2022-11-08 01:15:00+00:00
2022,9,final_test,00-0036898,Davis Mills,QB,HOU,PHI,passing,under,212.5,-105,-125,-125,0.5808646643729287,0.5203045685279188,0.060560095845009876,154.0,win,pass,0.8,204.75302178404385,206.30267236615745,217.0,regularized_logistic_raw,passed,bovada,xsportsbook_bovada_archive,historical_posted_unstamped,,2022-11-04 00:15:00+00:00
2022,9,final_test,00-0031280,Derek Carr,QB,LV,JAX,passing,under,253.5,-115,-115,-115,0.5753933260828555,0.5,0.07539332608285554,259.0,loss,fail,-1.0,229.8616415800116,230.8544645777848,214.8,regularized_logistic_raw,passed,bovada,xsportsbook_bovada_archive,historical_posted_unstamped,,2022-11-06 18:00:00+00:00
2022,9,final_test,00-0030565,Geno Smith,QB,SEA,ARI,passing,under,251.5,-115,-115,-115,0.6201109693096665,0.5,0.12011096930966647,275.0,loss,fail,-1.0,209.02723226365143,210.7774596145278,241.4,regularized_logistic_raw,passed,bovada,xsportsbook_bovada_archive,historical_posted_unstamped,,2022-11-06 21:05:00+00:00
2022,9,final_test,00-0036389,Jalen Hurts,QB,PHI,HOU,passing,under,236.5,100,-130,-130,0.6092281494567009,0.5306122448979591,0.07861590455874179,243.0,loss,fail,-1.0,213.80260454931795,209.83312439071608,244.6,regularized_logistic_raw,passed,bovada,xsportsbook_bovada_archive,historical_posted_unstamped,,2022-11-04 00:15:00+00:00
2022,9,final_test,00-0033106,Jared Goff,QB,DET,GB,passing,under,239.5,-115,-115,-115,0.6046636412586953,0.5,0.10466364125869532,137.0,win,pass,0.8695652173913043,252.2568709939299,244.3512286848333,286.6,regularized_logistic_raw,passed,bovada,xsportsbook_bovada_archive,historical_posted_unstamped,,2022-11-06 18:00:00+00:00
2022,9,final_test,00-0036442,Joe Burrow,QB,CIN,CAR,passing,under,257.5,-115,-115,-115,0.6249661741571089,0.5,0.12496617415710887,206.0,win,pass,0.8695652173913043,270.9167121631522,260.325315595854,303.4,regularized_logistic_raw,passed,bovada,xsportsbook_bovada_archive,historical_posted_unstamped,,2022-11-06 18:00:00+00:00
2022,9,final_test,00-0034857,Josh Allen,QB,BUF,NYJ,passing,under,275.5,-115,-115,-115,0.5826798046207147,0.5,0.08267980462071467,205.0,win,pass,0.8695652173913043,263.4810818028589,247.96874524458275,316.8,regularized_logistic_raw,passed,bovada,xsportsbook_bovada_archive,historical_posted_unstamped,,2022-11-06 18:00:00+00:00
2022,9,final_test,00-0036355,Justin Herbert,QB,LAC,ATL,passing,under,284.5,-115,-115,-115,0.643921803795149,0.5,0.14392180379514896,245.0,win,pass,0.8695652173913043,263.5384995690584,252.31530591249617,279.2,regularized_logistic_raw,passed,bovada,xsportsbook_bovada_archive,historical_posted_unstamped,,2022-11-06 18:00:00+00:00
2022,9,final_test,00-0029604,Kirk Cousins,QB,MIN,WAS,passing,under,249.5,-115,-115,-115,0.6181530261506041,0.5,0.11815302615060408,265.0,loss,fail,-1.0,256.1799986269177,249.75238564861235,247.2,regularized_logistic_raw,passed,bovada,xsportsbook_bovada_archive,historical_posted_unstamped,,2022-11-06 18:00:00+00:00
2022,9,final_test,00-0035228,Kyler Murray,QB,ARI,SEA,passing,under,260.5,-115,-115,-115,0.6195980465029154,0.5,0.11959804650291539,175.0,win,pass,0.8695652173913043,233.17115687076355,241.17293851670792,241.8,regularized_logistic_raw,passed,bovada,xsportsbook_bovada_archive,historical_posted_unstamped,,2022-11-06 21:05:00+00:00
2022,9,final_test,00-0034796,Lamar Jackson,QB,BAL,NO,passing,under,210.5,-115,-115,-115,0.5734277938544914,0.5,0.07342779385449139,133.0,win,pass,0.8695652173913043,200.1390660334964,193.60400746748743,177.2,regularized_logistic_raw,passed,bovada,xsportsbook_bovada_archive,historical_posted_unstamped,,2022-11-08 01:15:00+00:00
2022,9,final_test,00-0026498,Matthew Stafford,QB,LA,TB,passing,under,248.5,-115,-115,-115,0.671137253476246,0.5,0.17113725347624598,165.0,win,pass,0.8695652173913043,240.5703696064284,235.2736091329843,250.2,regularized_logistic_raw,passed,bovada,xsportsbook_bovada_archive,historical_posted_unstamped,,2022-11-06 21:25:00+00:00
2022,9,final_test,00-0033275,P.J. Walker,QB,CAR,CIN,passing,under,194.5,-115,-115,-115,0.5891392428538555,0.5,0.08913924285385555,9.0,win,pass,0.8695652173913043,155.98517752874065,164.0727260746079,137.8,regularized_logistic_raw,passed,bovada,xsportsbook_bovada_archive,historical_posted_unstamped,,2022-11-06 18:00:00+00:00
2022,9,final_test,00-0019596,Tom Brady,QB,TB,LA,passing,under,266.5,-115,-115,-115,0.7090289205396199,0.5,0.20902892053961986,280.0,loss,fail,-1.0,266.80656902601754,261.5028535049702,318.8,regularized_logistic_raw,passed,bovada,xsportsbook_bovada_archive,historical_posted_unstamped,,2022-11-06 21:25:00+00:00
2022,9,final_test,00-0036971,Trevor Lawrence,QB,JAX,LV,passing,under,244.5,-115,-115,-115,0.5855366496567298,0.5,0.0855366496567298,235.0,win,pass,0.8695652173913043,207.95033733181447,214.24773784101967,213.6,regularized_logistic_raw,passed,bovada,xsportsbook_bovada_archive,historical_posted_unstamped,,2022-11-06 18:00:00+00:00
2022,9,final_test,00-0036212,Tua Tagovailoa,QB,MIA,CHI,passing,under,260.5,-115,-115,-115,0.6031291144592296,0.5,0.10312911445922956,302.0,loss,fail,-1.0,241.39327151947364,245.2508516680308,281.6,regularized_logistic_raw,passed,bovada,xsportsbook_bovada_archive,historical_posted_unstamped,,2022-11-06 18:00:00+00:00
2022,9,final_test,00-0037013,Zach Wilson,QB,NYJ,BUF,passing,under,203.5,-115,-115,-115,0.5795591273169963,0.5,0.07955912731699633,154.0,win,pass,0.8695652173913043,197.5350431064033,203.8132111428561,209.6,regularized_logistic_raw,passed,bovada,xsportsbook_bovada_archive,historical_posted_unstamped,,2022-11-06 18:00:00+00:00
2022,10,final_test,00-0023459,Aaron Rodgers,QB,GB,DAL,passing,under,235.5,-115,-115,-115,0.6018550574801753,0.5,0.10185505748017532,224.0,win,pass,0.8695652173913043,232.42037153489795,229.05877129987067,231.2,regularized_logistic_raw,passed,bovada,xsportsbook_bovada_archive,historical_posted_unstamped,,2022-11-13 21:25:00+00:00
2022,10,final_test,00-0027973,Andy Dalton,QB,NO,PIT,passing,under,210.5,-115,-115,-115,0.5838527061437369,0.5,0.08385270614373685,174.0,win,pass,0.8695652173913043,250.3322013259072,248.90012571516272,229.8,regularized_logistic_raw,passed,bovada,xsportsbook_bovada_archive,historical_posted_unstamped,,2022-11-13 18:00:00+00:00
2022,10,final_test,00-0035710,Daniel Jones,QB,NYG,HOU,passing,under,186.5,-115,-115,-115,0.6207987989488888,0.5,0.12079879894888879,197.0,loss,fail,-1.0,212.7869520049811,215.31210548115675,167.8,regularized_logistic_raw,passed,bovada,xsportsbook_bovada_archive,historical_posted_unstamped,,2022-11-13 18:00:00+00:00
2022,10,final_test,00-0036898,Davis Mills,QB,HOU,NYG,passing,under,205.5,-115,-115,-115,0.5671767552368095,0.5,0.06717675523680955,319.0,loss,fail,-1.0,212.97729324497612,206.9412512994901,198.8,regularized_logistic_raw,passed,bovada,xsportsbook_bovada_archive,historical_posted_unstamped,,2022-11-13 18:00:00+00:00
2022,10,final_test,00-0031280,Derek Carr,QB,LV,IND,passing,under,237.5,-115,-115,-115,0.6163139713095518,0.5,0.11631397130955179,248.0,loss,fail,-1.0,221.3155511703065,221.5315887011157,206.0,regularized_logistic_raw,passed,bovada,xsportsbook_bovada_archive,historical_posted_unstamped,,2022-11-13 21:05:00+00:00
2022,10,final_test,00-0033119,Jacoby Brissett,QB,CLE,MIA,passing,under,224.5,-115,-115,-115,0.6803496638135402,0.5,0.18034966381354023,212.0,win,pass,0.8695652173913043,213.2617508550817,224.56078741269505,253.2,regularized_logistic_raw,passed,bovada,xsportsbook_bovada_archive,historical_posted_unstamped,,2022-11-13 18:00:00+00:00
2022,10,final_test,00-0036389,Jalen Hurts,QB,PHI,WAS,passing,under,238.5,-115,-115,-115,0.608193030311727,0.5,0.108193030311727,175.0,win,pass,0.8695652173913043,208.4999820199868,205.8165155065828,225.2,regularized_logistic_raw,passed,bovada,xsportsbook_bovada_archive,historical_posted_unstamped,,2022-11-15 01:15:00+00:00
2022,10,final_test,00-0033106,Jared Goff,QB,DET,CHI,passing,under,225.5,-115,-115,-115,0.5689262279327059,0.5,0.06892622793270586,236.0,loss,fail,-1.0,256.65977945041084,251.52195045928727,258.6,regularized_logistic_raw,passed,bovada,xsportsbook_bovada_archive,historical_posted_unstamped,,2022-11-13 18:00:00+00:00
2022,10,final_test,00-0031345,Jimmy Garoppolo,QB,SF,LAC,passing,under,240.5,-115,-115,-115,0.6670440059782436,0.5,0.16704400597824365,240.0,win,pass,0.8695652173913043,244.03133609262832,249.40199695947217,265.2,regularized_logistic_raw,passed,bovada,xsportsbook_bovada_archive,historical_posted_unstamped,,2022-11-14 01:20:00+00:00
2022,10,final_test,00-0036355,Justin Herbert,QB,LAC,SF,passing,under,252.5,-115,-115,-115,0.729787041003344,0.5,0.22978704100334402,196.0,win,pass,0.8695652173913043,251.5583920738848,241.0846896027649,268.8,regularized_logistic_raw,passed,bovada,xsportsbook_bovada_archive,historical_posted_unstamped,,2022-11-14 01:20:00+00:00
2022,10,final_test,00-0038102,Kenny Pickett,QB,PIT,NO,passing,under,219.5,-115,-115,-115,0.6556043815484829,0.5,0.15560438154848288,199.0,win,pass,0.8695652173913043,178.03697093767377,169.9383586530937,192.4,regularized_logistic_raw,passed,bovada,xsportsbook_bovada_archive,historical_posted_unstamped,,2022-11-13 18:00:00+00:00
2022,10,final_test,00-0029604,Kirk Cousins,QB,MIN,BUF,passing,under,239.5,-115,-115,-115,0.5927207432578369,0.5,0.09272074325783686,357.0,loss,fail,-1.0,248.0741708303162,247.75991695760536,248.2,regularized_logistic_raw,passed,bovada,xsportsbook_bovada_archive,historical_posted_unstamped,,2022-11-13 18:00:00+00:00
2022,10,final_test,00-0031800,Taylor Heinicke,QB,WAS,PHI,passing,under,215.5,-115,-115,-115,0.6289824780058033,0.5,0.1289824780058033,211.0,win,pass,0.8695652173913043,201.6077407875349,198.71555044036865,199.2,regularized_logistic_raw,passed,bovada,xsportsbook_bovada_archive,historical_posted_unstamped,,2022-11-15 01:15:00+00:00
2022,10,final_test,00-0019596,Tom Brady,QB,TB,SEA,passing,under,275.5,-115,-115,-115,0.759053205808007,0.5,0.25905320580800695,258.0,win,pass,0.8695652173913043,257.16647889173663,254.36249297326384,297.8,regularized_logistic_raw,passed,bovada,xsportsbook_bovada_archive,historical_posted_unstamped,,2022-11-13 14:30:00+00:00
2022,10,final_test,00-0036971,Trevor Lawrence,QB,JAX,KC,passing,under,248.5,-115,-115,-115,0.6664867234734573,0.5,0.16648672347345728,259.0,loss,fail,-1.0,215.2060849716159,217.0398389771887,225.8,regularized_logistic_raw,passed,bovada,xsportsbook_bovada_archive,historical_posted_unstamped,,2022-11-13 18:00:00+00:00
2022,10,final_test,00-0036212,Tua Tagovailoa,QB,MIA,CLE,passing,under,281.5,-115,-115,-115,0.6857423042262314,0.5,0.1857423042262314,285.0,loss,fail,-1.0,240.04329713097377,245.49979151410207,248.2,regularized_logistic_raw,passed,bovada,xsportsbook_bovada_archive,historical_posted_unstamped,,2022-11-13 18:00:00+00:00
2022,11,final_test,00-0027973,Andy Dalton,QB,NO,LA,passing,under,208.5,100,-130,-130,0.5649817243967247,0.5306122448979591,0.034369479498765565,260.0,loss,fail,-1.0,222.366261330302,225.2419644509345,227.2,regularized_logistic_raw,passed,bovada,xsportsbook_bovada_archive,historical_posted_unstamped,,2022-11-20 18:00:00+00:00
2022,11,final_test,00-0027688,Colt McCoy,QB,ARI,SF,passing,under,220.5,-115,-115,-115,0.7135428374037279,0.5,0.21354283740372793,218.0,win,pass,0.8695652173913043,171.26055645637874,179.48328630038685,195.6,regularized_logistic_raw,passed,bovada,xsportsbook_bovada_archive,historical_posted_unstamped,,2022-11-22 01:15:00+00:00
2022,11,final_test,00-0036898,Davis Mills,QB,HOU,WAS,passing,under,219.5,-115,-115,-115,0.5833357264475427,0.5,0.08333572644754272,169.0,win,pass,0.8695652173913043,216.61223138517272,214.79332259187785,213.4,regularized_logistic_raw,passed,bovada,xsportsbook_bovada_archive,historical_posted_unstamped,,2022-11-20 18:00:00+00:00
2022,11,final_test,00-0031280,Derek Carr,QB,LV,DEN,passing,under,225.5,100,-130,-130,0.6051181740057712,0.5306122448979591,0.07450592910781206,307.0,loss,fail,-1.0,224.5708615230658,227.4827919239016,218.0,regularized_logistic_raw,passed,bovada,xsportsbook_bovada_archive,historical_posted_unstamped,,2022-11-20 21:05:00+00:00
2022,11,final_test,00-0036389,Jalen Hurts,QB,PHI,IND,passing,under,235.5,-115,-115,-115,0.6328578150322959,0.5,0.13285781503229588,190.0,win,pass,0.8695652173913043,206.5955964053292,211.2640301078324,219.4,regularized_logistic_raw,passed,bovada,xsportsbook_bovada_archive,historical_posted_unstamped,,2022-11-20 18:00:00+00:00
2022,11,final_test,00-0033106,Jared Goff,QB,DET,NYG,passing,under,227.5,-115,-115,-115,0.6013479402577389,0.5,0.10134794025773886,165.0,win,pass,0.8695652173913043,240.14683298356545,232.259103401731,230.2,regularized_logistic_raw,passed,bovada,xsportsbook_bovada_archive,historical_posted_unstamped,,2022-11-20 18:00:00+00:00
2022,11,final_test,00-0031345,Jimmy Garoppolo,QB,SF,ARI,passing,under,245.5,-115,-115,-115,0.6208847100983403,0.5,0.12088471009834034,228.0,win,pass,0.8695652173913043,242.9849080636153,253.5294641095693,265.4,regularized_logistic_raw,passed,bovada,xsportsbook_bovada_archive,historical_posted_unstamped,,2022-11-22 01:15:00+00:00
2022,11,final_test,00-0036442,Joe Burrow,QB,CIN,PIT,passing,under,257.5,-115,-115,-115,0.6279710599405819,0.5,0.1279710599405819,355.0,loss,fail,-1.0,262.1801842418273,266.3110904350881,287.2,regularized_logistic_raw,passed,bovada,xsportsbook_bovada_archive,historical_posted_unstamped,,2022-11-20 21:25:00+00:00
2022,11,final_test,00-0034857,Josh Allen,QB,BUF,CLE,passing,under,278.5,-115,-115,-115,0.5989739871986894,0.5,0.09897398719868944,197.0,win,pass,0.8695652173913043,239.63893673489108,252.3675469528172,301.2,regularized_logistic_raw,passed,bovada,xsportsbook_bovada_archive,historical_posted_unstamped,,2022-11-20 18:00:00+00:00
2022,11,final_test,00-0036355,Justin Herbert,QB,LAC,KC,passing,under,276.5,-115,-115,-115,0.6772180584876208,0.5,0.17721805848762084,280.0,loss,fail,-1.0,250.9233059432396,247.4994684426312,240.0,regularized_logistic_raw,passed,bovada,xsportsbook_bovada_archive,historical_posted_unstamped,,2022-11-21 01:20:00+00:00
2022,11,final_test,00-0038102,Kenny Pickett,QB,PIT,CIN,passing,under,215.5,-115,-115,-115,0.7146724084082647,0.5,0.21467240840826474,265.0,loss,fail,-1.0,179.88255826323083,183.96933461990403,208.2,regularized_logistic_raw,passed,bovada,xsportsbook_bovada_archive,historical_posted_unstamped,,2022-11-20 21:25:00+00:00
2022,11,final_test,00-0029604,Kirk Cousins,QB,MIN,DAL,passing,under,261.5,-115,-115,-115,0.6660310281867798,0.5,0.16603102818677984,105.0,win,pass,0.8695652173913043,259.0749347100982,246.36179969101624,265.0,regularized_logistic_raw,passed,bovada,xsportsbook_bovada_archive,historical_posted_unstamped,,2022-11-20 21:25:00+00:00
2022,11,final_test,00-0032268,Marcus Mariota,QB,ATL,CHI,passing,under,171.5,-115,-115,-115,0.5851189018867301,0.5,0.0851189018867301,131.0,win,pass,0.8695652173913043,178.0512036686081,180.594871145628,164.2,regularized_logistic_raw,passed,bovada,xsportsbook_bovada_archive,historical_posted_unstamped,,2022-11-20 18:00:00+00:00
2022,11,final_test,00-0026143,Matt Ryan,QB,IND,PHI,passing,under,227.5,-115,-115,-115,0.7156958069800101,0.5,0.21569580698001012,213.0,win,pass,0.8695652173913043,256.0281356511565,243.67815961566123,292.2,regularized_logistic_raw,passed,bovada,xsportsbook_bovada_archive,historical_posted_unstamped,,2022-11-20 18:00:00+00:00
2022,11,final_test,00-0026498,Matthew Stafford,QB,LA,NO,passing,under,227.5,-115,-115,-115,0.6054865232761731,0.5,0.10548652327617314,159.0,win,pass,0.8695652173913043,226.5270759621069,222.72127415598467,233.4,regularized_logistic_raw,passed,bovada,xsportsbook_bovada_archive,historical_posted_unstamped,,2022-11-20 18:00:00+00:00
2022,11,final_test,00-0029701,Ryan Tannehill,QB,TEN,GB,passing,under,187.5,-105,-125,-125,0.5661365514117314,0.5203045685279188,0.045831982883812517,333.0,loss,fail,-1.0,201.890885649868,209.0190532763804,193.8,regularized_logistic_raw,passed,bovada,xsportsbook_bovada_archive,historical_posted_unstamped,,2022-11-18 01:15:00+00:00
2022,11,final_test,00-0031800,Taylor Heinicke,QB,WAS,HOU,passing,under,215.5,-112,-112,-112,0.6207241285490832,0.5,0.12072412854908321,191.0,win,pass,0.8928571428571429,187.9081668821662,183.9700802597722,192.0,regularized_logistic_raw,passed,bovada,xsportsbook_bovada_archive,historical_posted_unstamped,,2022-11-20 18:00:00+00:00
2022,11,final_test,00-0037013,Zach Wilson,QB,NYJ,NE,passing,under,190.5,-115,-115,-115,0.5762890923141331,0.5,0.07628909231413306,77.0,win,pass,0.8695652173913043,184.84120981445176,157.43475415765425,190.0,regularized_logistic_raw,passed,bovada,xsportsbook_bovada_archive,historical_posted_unstamped,,2022-11-20 18:00:00+00:00
2022,12,final_test,00-0023459,Aaron Rodgers,QB,GB,PHI,passing,under,220.5,-115,-115,-115,0.5759299405917186,0.5,0.07592994059171865,140.0,win,pass,0.8695652173913043,233.76509972480787,233.8361658446788,227.8,regularized_logistic_raw,passed,bovada,xsportsbook_bovada_archive,historical_posted_unstamped,,2022-11-28 01:20:00+00:00
2022,12,final_test,00-0033077,Dak Prescott,QB,DAL,NYG,passing,under,256.5,-115,-115,-115,0.6319947062215361,0.5,0.13199470622153608,261.0,loss,fail,-1.0,259.2426075617322,252.743555711988,226.4,regularized_logistic_raw,passed,bovada,xsportsbook_bovada_archive,historical_posted_unstamped,,2022-11-24 21:30:00+00:00
2022,12,final_test,00-0035710,Daniel Jones,QB,NYG,DAL,passing,under,195.5,-115,-115,-115,0.626646573748039,0.5,0.126646573748039,228.0,loss,fail,-1.0,214.94881653123565,201.26962159650773,217.8,regularized_logistic_raw,passed,bovada,xsportsbook_bovada_archive,historical_posted_unstamped,,2022-11-24 21:30:00+00:00
2022,12,final_test,00-0031280,Derek Carr,QB,LV,SEA,passing,under,252.5,-115,-115,-115,0.6311419266053593,0.5,0.13114192660535928,295.0,loss,fail,-1.0,252.76651565975016,253.98686954756045,231.2,regularized_logistic_raw,passed,bovada,xsportsbook_bovada_archive,historical_posted_unstamped,,2022-11-27 21:05:00+00:00
2022,12,final_test,00-0030565,Geno Smith,QB,SEA,LV,passing,under,259.5,-105,-125,-125,0.6693424042405131,0.5203045685279188,0.1490378357125942,328.0,loss,fail,-1.0,208.0964532999681,214.70934983927933,233.8,regularized_logistic_raw,passed,bovada,xsportsbook_bovada_archive,historical_posted_unstamped,,2022-11-27 21:05:00+00:00
2022,12,final_test,00-0033119,Jacoby Brissett,QB,CLE,TB,passing,under,204.5,-115,-115,-115,0.7018134496067068,0.5,0.20181344960670677,210.0,loss,fail,-1.0,206.26646333622813,219.379879266711,267.6,regularized_logistic_raw,passed,bovada,xsportsbook_bovada_archive,historical_posted_unstamped,,2022-11-27 18:00:00+00:00
2022,12,final_test,00-0036389,Jalen Hurts,QB,PHI,GB,passing,under,226.5,-105,-125,-125,0.5990983703126691,0.5203045685279188,0.07879380178475026,153.0,win,pass,0.8,198.0344535539137,199.9732999520509,209.6,regularized_logistic_raw,passed,bovada,xsportsbook_bovada_archive,historical_posted_unstamped,,2022-11-28 01:20:00+00:00
2022,12,final_test,00-0033106,Jared Goff,QB,DET,BUF,passing,under,245.5,-115,-115,-115,0.5772455644240315,0.5,0.07724556442403152,240.0,win,pass,0.8695652173913043,225.17257688506035,233.2489088834729,217.4,regularized_logistic_raw,passed,bovada,xsportsbook_bovada_archive,historical_posted_unstamped,,2022-11-24 17:30:00+00:00
2022,12,final_test,00-0031345,Jimmy Garoppolo,QB,SF,NO,passing,under,240.5,-115,-115,-115,0.5974204365182127,0.5,0.09742043651821275,222.0,win,pass,0.8695652173913043,246.6318573350597,256.3385662614872,260.4,regularized_logistic_raw,passed,bovada,xsportsbook_bovada_archive,historical_posted_unstamped,,2022-11-27 21:25:00+00:00
2022,12,final_test,00-0036442,Joe Burrow,QB,CIN,TEN,passing,under,275.5,-115,-115,-115,0.5721019717791078,0.5,0.07210197177910782,270.0,win,pass,0.8695652173913043,271.014097523864,271.29734739948776,314.8,regularized_logistic_raw,passed,bovada,xsportsbook_bovada_archive,historical_posted_unstamped,,2022-11-27 18:00:00+00:00
2022,12,final_test,00-0034857,Josh Allen,QB,BUF,DET,passing,under,287.5,-115,-115,-115,0.6302573465015513,0.5,0.1302573465015513,253.0,win,pass,0.8695652173913043,243.33200831222155,241.1153275966027,255.8,regularized_logistic_raw,passed,bovada,xsportsbook_bovada_archive,historical_posted_unstamped,,2022-11-24 17:30:00+00:00
2022,12,final_test,00-0036355,Justin Herbert,QB,LAC,ARI,passing,under,284.5,-115,-115,-115,0.6639403134982228,0.5,0.1639403134982228,274.0,win,pass,0.8695652173913043,258.0222455969956,255.9499345426221,250.4,regularized_logistic_raw,passed,bovada,xsportsbook_bovada_archive,historical_posted_unstamped,,2022-11-27 21:05:00+00:00
2022,12,final_test,00-0038102,Kenny Pickett,QB,PIT,IND,passing,under,212.5,-115,-115,-115,0.6685335874342215,0.5,0.16853358743422153,174.0,win,pass,0.8695652173913043,178.71965321862817,183.5541622405076,195.8,regularized_logistic_raw,passed,bovada,xsportsbook_bovada_archive,historical_posted_unstamped,,2022-11-29 01:15:00+00:00
2022,12,final_test,00-0029604,Kirk Cousins,QB,MIN,NE,passing,under,245.5,100,-130,-130,0.6211447275877287,0.5306122448979591,0.09053248268976954,299.0,loss,fail,-1.0,227.3066251938349,233.89296165821747,226.8,regularized_logistic_raw,passed,bovada,xsportsbook_bovada_archive,historical_posted_unstamped,,2022-11-25 01:20:00+00:00
2022,12,final_test,00-0035228,Kyler Murray,QB,ARI,LAC,passing,under,242.5,-115,-115,-115,0.6458292392064664,0.5,0.1458292392064664,191.0,win,pass,0.8695652173913043,239.5901698966812,239.99005563801583,235.4,regularized_logistic_raw,passed,bovada,xsportsbook_bovada_archive,historical_posted_unstamped,,2022-11-27 21:05:00+00:00
2022,12,final_test,00-0034796,Lamar Jackson,QB,BAL,JAX,passing,under,205.5,-115,-115,-115,0.6399613356087779,0.5,0.13996133560877788,254.0,loss,fail,-1.0,192.43647689275772,197.15866708013647,182.0,regularized_logistic_raw,passed,bovada,xsportsbook_bovada_archive,historical_posted_unstamped,,2022-11-27 18:00:00+00:00
2022,12,final_test,00-0036972,Mac Jones,QB,NE,MIN,passing,under,230.5,-115,-115,-115,0.5936918041300554,0.5,0.0936918041300554,382.0,loss,fail,-1.0,191.01668271833955,185.91310240747336,184.2,regularized_logistic_raw,passed,bovada,xsportsbook_bovada_archive,historical_posted_unstamped,,2022-11-25 01:20:00+00:00
2022,12,final_test,00-0026143,Matt Ryan,QB,IND,PIT,passing,under,234.5,-115,-115,-115,0.6327289794637465,0.5,0.1327289794637465,199.0,win,pass,0.8695652173913043,259.1494949277302,252.7512929649205,263.6,regularized_logistic_raw,passed,bovada,xsportsbook_bovada_archive,historical_posted_unstamped,,2022-11-29 01:15:00+00:00
2022,12,final_test,00-0034401,Mike White,QB,NYJ,CHI,passing,under,216.5,-110,-120,-120,0.6349601271248447,0.5101214574898785,0.12483866963496626,315.0,loss,fail,-1.0,227.1992195244556,215.22367777730503,238.25,regularized_logistic_raw,passed,bovada,xsportsbook_bovada_archive,historical_posted_unstamped,,2022-11-27 18:00:00+00:00
2022,12,final_test,00-0029263,Russell Wilson,QB,DEN,CAR,passing,under,214.5,-115,-115,-115,0.6293116547341864,0.5,0.12931165473418638,142.0,win,pass,0.8695652173913043,226.5489530312165,220.01135597109104,249.4,regularized_logistic_raw,passed,bovada,xsportsbook_bovada_archive,historical_posted_unstamped,,2022-11-27 18:00:00+00:00
2022,12,final_test,00-0029701,Ryan Tannehill,QB,TEN,CIN,passing,under,209.5,-115,-115,-115,0.6012524608458693,0.5,0.10125246084586925,291.0,loss,fail,-1.0,218.80125871531297,228.5042369733237,207.6,regularized_logistic_raw,passed,bovada,xsportsbook_bovada_archive,historical_posted_unstamped,,2022-11-27 18:00:00+00:00
2022,12,final_test,00-0034869,Sam Darnold,QB,CAR,DEN,passing,under,184.5,-115,-115,-115,0.6027189901846828,0.5,0.10271899018468278,164.0,win,pass,0.8695652173913043,183.28675660560663,179.88296504847773,168.4,regularized_logistic_raw,passed,bovada,xsportsbook_bovada_archive,historical_posted_unstamped,,2022-11-27 18:00:00+00:00
2022,12,final_test,00-0031800,Taylor Heinicke,QB,WAS,ATL,passing,under,213.5,-115,-115,-115,0.5687237066688188,0.5,0.06872370666881877,138.0,win,pass,0.8695652173913043,189.73360718421023,190.6545719317795,206.2,regularized_logistic_raw,passed,bovada,xsportsbook_bovada_archive,historical_posted_unstamped,,2022-11-27 18:00:00+00:00
2022,12,final_test,00-0019596,Tom Brady,QB,TB,CLE,passing,under,258.5,-115,-115,-115,0.739763424332585,0.5,0.23976342433258502,246.0,win,pass,0.8695652173913043,256.020964475354,263.48772697588026,279.2,regularized_logistic_raw,passed,bovada,xsportsbook_bovada_archive,historical_posted_unstamped,,2022-11-27 18:00:00+00:00
2022,12,final_test,00-0036971,Trevor Lawrence,QB,JAX,BAL,passing,under,234.5,100,-130,-130,0.6827920717698008,0.5306122448979591,0.15217982687184173,321.0,loss,fail,-1.0,225.5636868196731,238.1162638263052,220.4,regularized_logistic_raw,passed,bovada,xsportsbook_bovada_archive,historical_posted_unstamped,,2022-11-27 18:00:00+00:00
2022,12,final_test,00-0036212,Tua Tagovailoa,QB,MIA,HOU,passing,under,277.5,-115,-115,-115,0.7007395351900109,0.5,0.20073953519001086,299.0,loss,fail,-1.0,242.68743101838533,256.1773219404037,268.0,regularized_logistic_raw,passed,bovada,xsportsbook_bovada_archive,historical_posted_unstamped,,2022-11-27 18:00:00+00:00
2022,13,final_test,00-0027973,Andy Dalton,QB,NO,TB,passing,under,217.5,-115,-115,-115,0.6137674516844123,0.5,0.11376745168441227,229.0,loss,fail,-1.0,220.58716450451283,223.3376488675368,215.4,regularized_logistic_raw,passed,bovada,xsportsbook_bovada_archive,historical_posted_unstamped,,2022-12-06 01:15:00+00:00
2022,13,final_test,00-0033077,Dak Prescott,QB,DAL,IND,passing,under,243.5,-115,-115,-115,0.6489348201112617,0.5,0.1489348201112617,170.0,win,pass,0.8695652173913043,252.4162370051446,259.997273567449,251.8,regularized_logistic_raw,passed,bovada,xsportsbook_bovada_archive,historical_posted_unstamped,,2022-12-05 01:20:00+00:00
2022,13,final_test,00-0035710,Daniel Jones,QB,NYG,WAS,passing,under,200.5,-115,-115,-115,0.6694333099647293,0.5,0.16943330996472927,200.0,win,pass,0.8695652173913043,217.28817330193027,215.52676974311456,228.8,regularized_logistic_raw,passed,bovada,xsportsbook_bovada_archive,historical_posted_unstamped,,2022-12-04 18:00:00+00:00
2022,13,final_test,00-0031280,Derek Carr,QB,LV,LAC,passing,under,252.5,-115,-115,-115,0.6521935654151938,0.5,0.1521935654151938,250.0,win,pass,0.8695652173913043,257.0581096513803,263.7735371481441,242.0,regularized_logistic_raw,passed,bovada,xsportsbook_bovada_archive,historical_posted_unstamped,,2022-12-04 21:25:00+00:00
2022,13,final_test,00-0033537,Deshaun Watson,QB,CLE,HOU,passing,under,237.5,-115,-115,-115,0.6784305767041088,0.5,0.17843057670410878,131.0,win,pass,0.8695652173913043,271.81337921703056,273.87609970192733,324.4,regularized_logistic_raw,passed,bovada,xsportsbook_bovada_archive,historical_posted_unstamped,,2022-12-04 18:00:00+00:00
2022,13,final_test,00-0030565,Geno Smith,QB,SEA,LA,passing,under,249.5,-115,-115,-115,0.6837470323311341,0.5,0.1837470323311341,367.0,loss,fail,-1.0,213.28430147810585,224.2400815501773,260.0,regularized_logistic_raw,passed,bovada,xsportsbook_bovada_archive,historical_posted_unstamped,,2022-12-04 21:05:00+00:00
2022,13,final_test,00-0033106,Jared Goff,QB,DET,JAX,passing,under,243.5,-125,-105,-105,0.6126162149027324,0.47969543147208116,0.13292078343065128,340.0,loss,fail,-1.0,256.642134287897,256.11169476829696,219.8,regularized_logistic_raw,passed,bovada,xsportsbook_bovada_archive,historical_posted_unstamped,,2022-12-04 18:00:00+00:00
2022,13,final_test,00-0031345,Jimmy Garoppolo,QB,SF,MIA,passing,under,247.5,-115,-115,-115,0.6404403485472214,0.5,0.14044034854722143,56.0,win,pass,0.8695652173913043,252.56079352322664,255.96648993292223,245.6,regularized_logistic_raw,passed,bovada,xsportsbook_bovada_archive,historical_posted_unstamped,,2022-12-04 21:05:00+00:00
2022,13,final_test,00-0036442,Joe Burrow,QB,CIN,KC,passing,under,294.5,-115,-115,-115,0.6188849692053165,0.5,0.11888496920531655,286.0,win,pass,0.8695652173913043,265.3077083312141,273.2444454107394,308.8,regularized_logistic_raw,passed,bovada,xsportsbook_bovada_archive,historical_posted_unstamped,,2022-12-04 21:25:00+00:00
2022,13,final_test,00-0034857,Josh Allen,QB,BUF,NE,passing,under,269.5,-115,-115,-115,0.653924655104334,0.5,0.15392465510433395,223.0,win,pass,0.8695652173913043,231.5803244720965,216.96000848666927,240.6,regularized_logistic_raw,passed,bovada,xsportsbook_bovada_archive,historical_posted_unstamped,,2022-12-02 01:15:00+00:00
2022,13,final_test,00-0036355,Justin Herbert,QB,LAC,LV,passing,under,282.5,100,-130,-130,0.6342047462432994,0.5306122448979591,0.10359250134534026,335.0,loss,fail,-1.0,264.87697577137385,261.3406107716746,257.6,regularized_logistic_raw,passed,bovada,xsportsbook_bovada_archive,historical_posted_unstamped,,2022-12-04 21:25:00+00:00
2022,13,final_test,00-0038102,Kenny Pickett,QB,PIT,ATL,passing,under,231.5,-115,-115,-115,0.6530175955059729,0.5,0.15301759550597294,197.0,win,pass,0.8695652173913043,200.79992932265208,203.95294794408704,217.2,regularized_logistic_raw,passed,bovada,xsportsbook_bovada_archive,historical_posted_unstamped,,2022-12-04 18:00:00+00:00
2022,13,final_test,00-0029604,Kirk Cousins,QB,MIN,NYJ,passing,under,253.5,-115,-115,-115,0.6532514462457633,0.5,0.15325144624576326,173.0,win,pass,0.8695652173913043,247.6788901639962,251.0916621640652,251.6,regularized_logistic_raw,passed,bovada,xsportsbook_bovada_archive,historical_posted_unstamped,,2022-12-04 18:00:00+00:00
2022,13,final_test,00-0034796,Lamar Jackson,QB,BAL,DEN,passing,under,204.5,-115,-115,-115,0.6461570911026574,0.5,0.1461570911026574,11.0,win,pass,0.8695652173913043,189.0933009453604,181.46245688330728,190.8,regularized_logistic_raw,passed,bovada,xsportsbook_bovada_archive,historical_posted_unstamped,,2022-12-04 18:00:00+00:00
2022,13,final_test,00-0036972,Mac Jones,QB,NE,BUF,passing,under,230.5,-115,-115,-115,0.6188760887337232,0.5,0.11887608873372324,195.0,win,pass,0.8695652173913043,206.10836901316785,216.6716609478608,196.4,regularized_logistic_raw,passed,bovada,xsportsbook_bovada_archive,historical_posted_unstamped,,2022-12-02 01:15:00+00:00
2022,13,final_test,00-0026143,Matt Ryan,QB,IND,DAL,passing,under,210.5,100,-130,-130,0.6255743924954873,0.5306122448979591,0.09496214759752819,233.0,loss,fail,-1.0,255.22115502388337,252.21912452373,253.2,regularized_logistic_raw,passed,bovada,xsportsbook_bovada_archive,historical_posted_unstamped,,2022-12-05 01:20:00+00:00
2022,13,final_test,00-0029263,Russell Wilson,QB,DEN,BAL,passing,under,219.5,-105,-125,-125,0.6189024908235483,0.5203045685279188,0.09859792229562947,189.0,win,pass,0.8,213.376997679651,214.44350192542527,223.0,regularized_logistic_raw,passed,bovada,xsportsbook_bovada_archive,historical_posted_unstamped,,2022-12-04 18:00:00+00:00
2022,13,final_test,00-0029701,Ryan Tannehill,QB,TEN,PHI,passing,under,202.5,-115,-115,-115,0.6403559757414622,0.5,0.1403559757414622,141.0,win,pass,0.8695652173913043,231.57907007886644,211.64008765789453,238.4,regularized_logistic_raw,passed,bovada,xsportsbook_bovada_archive,historical_posted_unstamped,,2022-12-04 18:00:00+00:00
2022,13,final_test,00-0031800,Taylor Heinicke,QB,WAS,NYG,passing,under,200.5,-115,-115,-115,0.5735986284141674,0.5,0.07359862841416742,275.0,loss,fail,-1.0,181.79998680297865,166.06371620704596,193.6,regularized_logistic_raw,passed,bovada,xsportsbook_bovada_archive,historical_posted_unstamped,,2022-12-04 18:00:00+00:00
2022,13,final_test,00-0019596,Tom Brady,QB,TB,NO,passing,under,269.5,-115,-115,-115,0.7385406541213586,0.5,0.2385406541213586,281.0,loss,fail,-1.0,262.6477573114155,259.9892332051003,279.8,regularized_logistic_raw,passed,bovada,xsportsbook_bovada_archive,historical_posted_unstamped,,2022-12-06 01:15:00+00:00
2022,13,final_test,00-0036971,Trevor Lawrence,QB,JAX,DET,passing,under,252.5,-115,-115,-115,0.703354610985531,0.5,0.20335461098553098,179.0,win,pass,0.8695652173913043,243.89436077416752,247.04410498957657,251.6,regularized_logistic_raw,passed,bovada,xsportsbook_bovada_archive,historical_posted_unstamped,,2022-12-04 18:00:00+00:00
2022,13,final_test,00-0036212,Tua Tagovailoa,QB,MIA,SF,passing,under,272.5,-105,-125,-125,0.6687031662989029,0.5203045685279188,0.14839859777098408,295.0,loss,fail,-1.0,253.20414559040603,248.0343975706091,305.8,regularized_logistic_raw,passed,bovada,xsportsbook_bovada_archive,historical_posted_unstamped,,2022-12-04 21:05:00+00:00
2022,14,final_test,00-0037834,Brock Purdy,QB,SF,TB,passing,under,200.5,-130,100,100,0.6014428933071853,0.4693877551020408,0.13205513820514447,185.0,win,pass,1.0,115.9144913632814,136.9427184256988,69.0,regularized_logistic_raw,passed,bovada,xsportsbook_bovada_archive,historical_posted_unstamped,,2022-12-11 21:25:00+00:00
2022,14,final_test,00-0033077,Dak Prescott,QB,DAL,HOU,passing,under,238.5,-115,-115,-115,0.5912276464832694,0.5,0.09122764648326942,284.0,loss,fail,-1.0,259.1378940774342,263.0715632189076,244.4,regularized_logistic_raw,passed,bovada,xsportsbook_bovada_archive,historical_posted_unstamped,,2022-12-11 18:00:00+00:00
2022,14,final_test,00-0035710,Daniel Jones,QB,NYG,PHI,passing,under,195.5,-105,-125,-125,0.6988228663928382,0.5203045685279188,0.17851829786491935,169.0,win,pass,0.8,214.69327101738145,213.7341424141344,228.4,regularized_logistic_raw,passed,bovada,xsportsbook_bovada_archive,historical_posted_unstamped,,2022-12-11 18:00:00+00:00
2022,14,final_test,00-0036898,Davis Mills,QB,HOU,DAL,passing,under,184.5,100,-130,-130,0.5940976953606719,0.5306122448979591,0.06348545046271281,175.0,win,pass,0.7692307692307693,203.1066278015356,202.00475073307263,219.2,regularized_logistic_raw,passed,bovada,xsportsbook_bovada_archive,historical_posted_unstamped,,2022-12-11 18:00:00+00:00
2022,14,final_test,00-0031280,Derek Carr,QB,LV,LA,passing,under,249.5,-115,-115,-115,0.6115299754740663,0.5,0.11152997547406629,137.0,win,pass,0.8695652173913043,251.78978424313345,257.2276907297501,271.8,regularized_logistic_raw,passed,bovada,xsportsbook_bovada_archive,historical_posted_unstamped,,2022-12-09 01:15:00+00:00
2022,14,final_test,00-0033537,Deshaun Watson,QB,CLE,CIN,passing,under,220.5,-115,-115,-115,0.6074988052581776,0.5,0.10749880525817757,276.0,loss,fail,-1.0,258.2030449552043,259.0128983806889,282.4,regularized_logistic_raw,passed,bovada,xsportsbook_bovada_archive,historical_posted_unstamped,,2022-12-11 18:00:00+00:00
2022,14,final_test,00-0030565,Geno Smith,QB,SEA,CAR,passing,under,267.5,-115,-115,-115,0.7077173217061767,0.5,0.20771732170617674,264.0,win,pass,0.8695652173913043,228.3263732593803,232.13176019628904,291.4,regularized_logistic_raw,passed,bovada,xsportsbook_bovada_archive,historical_posted_unstamped,,2022-12-11 21:25:00+00:00
2022,14,final_test,00-0036389,Jalen Hurts,QB,PHI,NYG,passing,under,227.5,-115,-115,-115,0.616706407959933,0.5,0.11670640795993303,217.0,win,pass,0.8695652173913043,213.76790248541468,217.20516351416163,228.2,regularized_logistic_raw,passed,bovada,xsportsbook_bovada_archive,historical_posted_unstamped,,2022-12-11 18:00:00+00:00
2022,14,final_test,00-0033106,Jared Goff,QB,DET,MIN,passing,under,274.5,-115,-115,-115,0.6318178439234704,0.5,0.1318178439234704,330.0,loss,fail,-1.0,264.73140901397795,259.77732875358845,223.6,regularized_logistic_raw,passed,bovada,xsportsbook_bovada_archive,historical_posted_unstamped,,2022-12-11 18:00:00+00:00
2022,14,final_test,00-0036442,Joe Burrow,QB,CIN,CLE,passing,under,282.5,-115,-115,-115,0.664478981078187,0.5,0.16447898107818704,239.0,win,pass,0.8695652173913043,269.07322674360086,273.5457555895307,269.8,regularized_logistic_raw,passed,bovada,xsportsbook_bovada_archive,historical_posted_unstamped,,2022-12-11 18:00:00+00:00
2022,14,final_test,00-0034857,Josh Allen,QB,BUF,NYJ,passing,under,248.5,-115,-115,-115,0.6585346447497133,0.5,0.15853464474971335,147.0,win,pass,0.8695652173913043,235.5448311454197,239.61289662849452,241.6,regularized_logistic_raw,passed,bovada,xsportsbook_bovada_archive,historical_posted_unstamped,,2022-12-11 18:00:00+00:00
2022,14,final_test,00-0036355,Justin Herbert,QB,LAC,MIA,passing,under,295.5,-115,-115,-115,0.6907430439790367,0.5,0.19074304397903674,367.0,loss,fail,-1.0,262.100763436266,252.92122657691849,266.0,regularized_logistic_raw,passed,bovada,xsportsbook_bovada_archive,historical_posted_unstamped,,2022-12-12 01:20:00+00:00
2022,14,final_test,00-0038102,Kenny Pickett,QB,PIT,BAL,passing,under,208.5,-115,-115,-115,0.6802323560546005,0.5,0.18023235605460053,0.0,win,pass,0.8695652173913043,197.71966714448527,202.72549642115848,205.2,regularized_logistic_raw,passed,bovada,xsportsbook_bovada_archive,historical_posted_unstamped,,2022-12-11 18:00:00+00:00
2022,14,final_test,00-0029604,Kirk Cousins,QB,MIN,DET,passing,under,280.5,-115,-115,-115,0.5898741487263895,0.5,0.08987414872638955,425.0,loss,fail,-1.0,234.2561371901637,232.9332528978073,239.8,regularized_logistic_raw,passed,bovada,xsportsbook_bovada_archive,historical_posted_unstamped,,2022-12-11 18:00:00+00:00
2022,14,final_test,00-0035228,Kyler Murray,QB,ARI,NE,passing,under,238.5,-115,-115,-115,0.6542642072202578,0.5,0.1542642072202578,9.0,win,pass,0.8695652173913043,235.045092657042,239.2551446406713,223.6,regularized_logistic_raw,passed,bovada,xsportsbook_bovada_archive,historical_posted_unstamped,,2022-12-13 01:15:00+00:00
2022,14,final_test,00-0036972,Mac Jones,QB,NE,ARI,passing,under,224.5,-115,-115,-115,0.6542941719956641,0.5,0.1542941719956641,235.0,loss,fail,-1.0,232.40152633613664,225.85651251563485,232.8,regularized_logistic_raw,passed,bovada,xsportsbook_bovada_archive,historical_posted_unstamped,,2022-12-13 01:15:00+00:00
2022,14,final_test,00-0034401,Mike White,QB,NYJ,BUF,passing,under,244.5,110,-145,-145,0.6556043865687344,0.5541401273885351,0.1014642591801993,268.0,loss,fail,-1.0,239.427831054824,227.7372545349837,287.0,regularized_logistic_raw,passed,bovada,xsportsbook_bovada_archive,historical_posted_unstamped,,2022-12-11 18:00:00+00:00
2022,14,final_test,00-0029263,Russell Wilson,QB,DEN,KC,passing,under,222.5,-115,-115,-115,0.6064133661949496,0.5,0.10641336619494957,247.0,loss,fail,-1.0,210.60356601350728,208.57686059347628,223.2,regularized_logistic_raw,passed,bovada,xsportsbook_bovada_archive,historical_posted_unstamped,,2022-12-11 21:05:00+00:00
2022,14,final_test,00-0029701,Ryan Tannehill,QB,TEN,JAX,passing,under,201.5,-115,-115,-115,0.5947758605016732,0.5,0.09477586050167319,254.0,loss,fail,-1.0,226.7743020860576,222.9980717401388,230.4,regularized_logistic_raw,passed,bovada,xsportsbook_bovada_archive,historical_posted_unstamped,,2022-12-11 18:00:00+00:00
2022,14,final_test,00-0034869,Sam Darnold,QB,CAR,SEA,passing,under,185.5,-145,110,110,0.5941985931585596,0.445859872611465,0.14833872054709463,120.0,win,pass,1.1,201.1314763549431,198.4242067274763,175.4,regularized_logistic_raw,passed,bovada,xsportsbook_bovada_archive,historical_posted_unstamped,,2022-12-11 21:25:00+00:00
2022,14,final_test,00-0019596,Tom Brady,QB,TB,SF,passing,under,252.5,-115,-115,-115,0.712576673538307,0.5,0.212576673538307,253.0,loss,fail,-1.0,270.0657920146006,267.26864531854096,278.0,regularized_logistic_raw,passed,bovada,xsportsbook_bovada_archive,historical_posted_unstamped,,2022-12-11 21:25:00+00:00
2022,14,final_test,00-0036971,Trevor Lawrence,QB,JAX,TEN,passing,under,235.5,-135,105,105,0.6337949639065499,0.4592085979482169,0.174586365958333,368.0,loss,fail,-1.0,250.7441333212586,246.79086321155705,225.4,regularized_logistic_raw,passed,bovada,xsportsbook_bovada_archive,historical_posted_unstamped,,2022-12-11 18:00:00+00:00
2022,14,final_test,00-0036212,Tua Tagovailoa,QB,MIA,LAC,passing,under,287.5,-120,-110,-110,0.657439385820162,0.4898785425101214,0.16756084331004062,145.0,win,pass,0.9090909090909091,251.43696663906857,253.32077689334244,312.6,regularized_logistic_raw,passed,bovada,xsportsbook_bovada_archive,historical_posted_unstamped,,2022-12-12 01:20:00+00:00
2022,14,final_test,00-0035993,Tyler Huntley,QB,BAL,PIT,passing,under,187.5,-115,-115,-115,0.7035014884123167,0.5,0.20350148841231674,88.0,win,pass,0.8695652173913043,172.525882055148,173.39279214330048,202.0,regularized_logistic_raw,passed,bovada,xsportsbook_bovada_archive,historical_posted_unstamped,,2022-12-11 18:00:00+00:00
2022,15,final_test,00-0027973,Andy Dalton,QB,NO,ATL,passing,under,221.5,-145,110,110,0.6039835456434912,0.445859872611465,0.15812367303202624,151.0,win,pass,1.1,220.8203451294434,224.27953664995536,215.4,regularized_logistic_raw,passed,bovada,xsportsbook_bovada_archive,historical_posted_unstamped,,2022-12-18 18:00:00+00:00
2022,15,final_test,00-0034855,Baker Mayfield,QB,LA,GB,passing,under,191.5,-125,-105,-105,0.6230596752982883,0.47969543147208116,0.14336424382620716,111.0,win,pass,0.9523809523809523,209.47555823506565,208.32864429723497,198.6,regularized_logistic_raw,passed,bovada,xsportsbook_bovada_archive,historical_posted_unstamped,,
2022,15,final_test,00-0037834,Brock Purdy,QB,SF,SEA,passing,under,217.5,-120,-110,-110,0.6189972115298616,0.4898785425101214,0.12911866901974023,217.0,win,pass,0.9090909090909091,133.99532169739513,160.11739096998454,92.2,regularized_logistic_raw,passed,bovada,xsportsbook_bovada_archive,historical_posted_unstamped,,2022-12-16 01:15:00+00:00
2022,15,final_test,00-0027688,Colt McCoy,QB,ARI,DEN,passing,under,210.5,-115,-115,-115,0.7568636104277481,0.5,0.2568636104277481,78.0,win,pass,0.8695652173913043,173.96364143716627,171.03209927205393,217.2,regularized_logistic_raw,passed,bovada,xsportsbook_bovada_archive,historical_posted_unstamped,,2022-12-18 21:05:00+00:00
2022,15,final_test,00-0033077,Dak Prescott,QB,DAL,JAX,passing,under,255.5,-115,-115,-115,0.5830990020457684,0.5,0.08309900204576837,256.0,loss,fail,-1.0,259.5759048282871,260.1237756432377,251.2,regularized_logistic_raw,passed,bovada,xsportsbook_bovada_archive,historical_posted_unstamped,,2022-12-18 18:00:00+00:00
2022,15,final_test,00-0035710,Daniel Jones,QB,NYG,WAS,passing,under,186.5,-125,-105,-105,0.6176223609171124,0.47969543147208116,0.13792692944503127,160.0,win,pass,0.9523809523809523,198.74774984791893,192.79213329577192,227.0,regularized_logistic_raw,passed,bovada,xsportsbook_bovada_archive,historical_posted_unstamped,,2022-12-19 01:20:00+00:00
2022,15,final_test,00-0031280,Derek Carr,QB,LV,NE,passing,under,246.5,-115,-115,-115,0.6031137185317971,0.5,0.10311371853179707,231.0,win,pass,0.8695652173913043,242.8517703682053,246.8283891963095,247.4,regularized_logistic_raw,passed,bovada,xsportsbook_bovada_archive,historical_posted_unstamped,,2022-12-18 21:05:00+00:00
2022,15,final_test,00-0033537,Deshaun Watson,QB,CLE,BAL,passing,under,217.5,-115,-115,-115,0.5817097135121061,0.5,0.0817097135121061,161.0,win,pass,0.8695652173913043,266.96452118262147,248.5732210427564,293.8,regularized_logistic_raw,passed,bovada,xsportsbook_bovada_archive,historical_posted_unstamped,,2022-12-17 21:30:00+00:00
2022,15,final_test,00-0030565,Geno Smith,QB,SEA,SF,passing,under,234.5,100,-130,-130,0.6809751543627838,0.5306122448979591,0.15036290946482467,238.0,loss,fail,-1.0,235.4061452580933,241.22761016799728,301.8,regularized_logistic_raw,passed,bovada,xsportsbook_bovada_archive,historical_posted_unstamped,,2022-12-16 01:15:00+00:00
2022,15,final_test,00-0036389,Jalen Hurts,QB,PHI,CHI,passing,under,225.5,-115,-115,-115,0.6611933816376133,0.5,0.16119338163761332,315.0,loss,fail,-1.0,209.0757036826122,208.16720447909265,223.0,regularized_logistic_raw,passed,bovada,xsportsbook_bovada_archive,historical_posted_unstamped,,2022-12-18 18:00:00+00:00
2022,15,final_test,00-0033106,Jared Goff,QB,DET,NYJ,passing,under,237.5,-105,-125,-125,0.7148310954686681,0.5203045685279188,0.19452652694074923,252.0,loss,fail,-1.0,261.4961867541736,251.7193829483856,262.2,regularized_logistic_raw,passed,bovada,xsportsbook_bovada_archive,historical_posted_unstamped,,2022-12-18 18:00:00+00:00
2022,15,final_test,00-0036442,Joe Burrow,QB,CIN,TB,passing,under,273.5,-115,-115,-115,0.6283288821773818,0.5,0.1283288821773818,200.0,win,pass,0.8695652173913043,256.9820995225023,265.6970526967419,271.2,regularized_logistic_raw,passed,bovada,xsportsbook_bovada_archive,historical_posted_unstamped,,2022-12-18 21:25:00+00:00
2022,15,final_test,00-0034857,Josh Allen,QB,BUF,MIA,passing,under,235.5,-115,-115,-115,0.6210850551808821,0.5,0.12108505518088208,304.0,loss,fail,-1.0,245.421271717962,241.1223085599377,230.0,regularized_logistic_raw,passed,bovada,xsportsbook_bovada_archive,historical_posted_unstamped,,2022-12-18 01:15:00+00:00
2022,15,final_test,00-0036945,Justin Fields,QB,CHI,PHI,passing,under,157.5,-105,-125,-125,0.5972740337958535,0.5203045685279188,0.07696946526793469,152.0,win,pass,0.8,175.73066385616735,179.52672841361516,169.6,regularized_logistic_raw,passed,bovada,xsportsbook_bovada_archive,historical_posted_unstamped,,2022-12-18 18:00:00+00:00
2022,15,final_test,00-0036355,Justin Herbert,QB,LAC,TEN,passing,under,303.5,-115,-115,-115,0.7154068975629938,0.5,0.2154068975629938,313.0,loss,fail,-1.0,260.6267380167551,257.5395131789207,290.4,regularized_logistic_raw,passed,bovada,xsportsbook_bovada_archive,historical_posted_unstamped,,2022-12-18 21:25:00+00:00
2022,15,final_test,00-0029604,Kirk Cousins,QB,MIN,IND,passing,under,270.5,-110,-120,-120,0.732885620278706,0.5101214574898785,0.2227641627888275,460.0,loss,fail,-1.0,249.87818130598853,250.4545556668326,271.8,regularized_logistic_raw,passed,bovada,xsportsbook_bovada_archive,historical_posted_unstamped,,2022-12-17 18:00:00+00:00
2022,15,final_test,00-0036972,Mac Jones,QB,NE,LV,passing,under,241.5,-112,-112,-112,0.6990614203816695,0.5,0.19906142038166952,112.0,win,pass,0.8928571428571429,226.7748803285637,224.7630573492609,241.0,regularized_logistic_raw,passed,bovada,xsportsbook_bovada_archive,historical_posted_unstamped,,2022-12-18 21:05:00+00:00
2022,15,final_test,00-0026143,Matt Ryan,QB,IND,MIN,passing,under,255.5,-115,-115,-115,0.5904451034125644,0.5,0.0904451034125644,182.0,win,pass,0.8695652173913043,249.9785652102456,245.2943734706045,222.0,regularized_logistic_raw,passed,bovada,xsportsbook_bovada_archive,historical_posted_unstamped,,2022-12-17 18:00:00+00:00
2022,15,final_test,00-0029701,Ryan Tannehill,QB,TEN,LAC,passing,under,214.5,-115,-115,-115,0.6021558249513539,0.5,0.10215582495135389,165.0,win,pass,0.8695652173913043,218.88429022965065,210.4509444651012,254.8,regularized_logistic_raw,passed,bovada,xsportsbook_bovada_archive,historical_posted_unstamped,,2022-12-18 21:25:00+00:00
2022,15,final_test,00-0034869,Sam Darnold,QB,CAR,PIT,passing,under,180.5,-115,-115,-115,0.6019868244492688,0.5,0.10198682444926876,225.0,loss,fail,-1.0,197.204474338298,195.5100267273796,165.0,regularized_logistic_raw,passed,bovada,xsportsbook_bovada_archive,historical_posted_unstamped,,2022-12-18 18:00:00+00:00
2022,15,final_test,00-0031800,Taylor Heinicke,QB,WAS,NYG,passing,under,210.5,105,-135,-135,0.6101622425616235,0.5407914020517831,0.06937084050984044,249.0,loss,fail,-1.0,185.73565885734297,197.4373073754776,192.8,regularized_logistic_raw,passed,bovada,xsportsbook_bovada_archive,historical_posted_unstamped,,2022-12-19 01:20:00+00:00
2022,15,final_test,00-0019596,Tom Brady,QB,TB,CIN,passing,under,274.5,-115,-115,-115,0.7481363412570003,0.5,0.24813634125700035,312.0,loss,fail,-1.0,251.36471668893864,239.21881912421588,263.6,regularized_logistic_raw,passed,bovada,xsportsbook_bovada_archive,historical_posted_unstamped,,2022-12-18 21:25:00+00:00
2022,15,final_test,00-0036971,Trevor Lawrence,QB,JAX,DAL,passing,under,249.5,100,-130,-130,0.7128712989529167,0.5306122448979591,0.18225905405495757,318.0,loss,fail,-1.0,248.80989072800847,247.1632127862541,272.4,regularized_logistic_raw,passed,bovada,xsportsbook_bovada_archive,historical_posted_unstamped,,2022-12-18 18:00:00+00:00
2022,15,final_test,00-0035993,Tyler Huntley,QB,BAL,CLE,passing,under,176.5,105,-135,-135,0.6616226783307882,0.5407914020517831,0.12083127627900514,138.0,win,pass,0.7407407407407407,162.23172227998143,186.4043494458056,165.6,regularized_logistic_raw,passed,bovada,xsportsbook_bovada_archive,historical_posted_unstamped,,2022-12-17 21:30:00+00:00
2022,15,final_test,00-0037013,Zach Wilson,QB,NYJ,DET,passing,under,197.5,-130,100,100,0.5813346819246201,0.4693877551020408,0.11194692682257934,317.0,loss,fail,-1.0,180.57711001443525,178.0310109849328,163.4,regularized_logistic_raw,passed,bovada,xsportsbook_bovada_archive,historical_posted_unstamped,,2022-12-18 18:00:00+00:00
2022,16,final_test,00-0034855,Baker Mayfield,QB,LA,DEN,passing,under,181.5,-115,-115,-115,0.6181254675338085,0.5,0.11812546753380848,230.0,loss,fail,-1.0,200.1505850426807,202.31033082669344,181.4,regularized_logistic_raw,passed,bovada,xsportsbook_bovada_archive,historical_posted_unstamped,,
2022,16,final_test,00-0037834,Brock Purdy,QB,SF,WAS,passing,under,217.5,-115,-115,-115,0.6880654888705362,0.5,0.1880654888705362,234.0,loss,fail,-1.0,153.50102231319883,167.21006075384747,135.6,regularized_logistic_raw,passed,bovada,xsportsbook_bovada_archive,historical_posted_unstamped,,2022-12-24 21:05:00+00:00
2022,16,final_test,00-0033077,Dak Prescott,QB,DAL,PHI,passing,under,242.5,105,-135,-135,0.60901262990535,0.5407914020517831,0.06822122785356688,347.0,loss,fail,-1.0,252.3528287699834,240.04413138632864,249.4,regularized_logistic_raw,passed,bovada,xsportsbook_bovada_archive,historical_posted_unstamped,,2022-12-24 21:25:00+00:00
2022,16,final_test,00-0035710,Daniel Jones,QB,NYG,MIN,passing,under,227.5,-125,-105,-105,0.6176249147670659,0.47969543147208116,0.13792948329498478,334.0,loss,fail,-1.0,207.25503585508343,216.3341954597366,219.6,regularized_logistic_raw,passed,bovada,xsportsbook_bovada_archive,historical_posted_unstamped,,2022-12-24 18:00:00+00:00
2022,16,final_test,00-0030565,Geno Smith,QB,SEA,KC,passing,under,245.5,-115,-115,-115,0.6994697455466754,0.5,0.1994697455466754,215.0,win,pass,0.8695652173913043,236.55006298994263,229.1631136814441,294.4,regularized_logistic_raw,passed,bovada,xsportsbook_bovada_archive,historical_posted_unstamped,,2022-12-24 18:00:00+00:00
2022,16,final_test,00-0033106,Jared Goff,QB,DET,CAR,passing,under,241.5,110,-145,-145,0.7346393131446589,0.5541401273885351,0.18049918575612378,355.0,loss,fail,-1.0,261.40695705358183,260.44643682310846,265.4,regularized_logistic_raw,passed,bovada,xsportsbook_bovada_archive,historical_posted_unstamped,,2022-12-24 18:00:00+00:00
2022,16,final_test,00-0036442,Joe Burrow,QB,CIN,NE,passing,under,252.5,-115,-115,-115,0.6104309046951045,0.5,0.11043090469510453,375.0,loss,fail,-1.0,274.3944465874538,277.77958235398705,270.0,regularized_logistic_raw,passed,bovada,xsportsbook_bovada_archive,historical_posted_unstamped,,2022-12-24 18:00:00+00:00
2022,16,final_test,00-0034857,Josh Allen,QB,BUF,CHI,passing,under,221.5,-105,-125,-125,0.5892802671768853,0.5203045685279188,0.06897569864896647,172.0,win,pass,0.8,251.121755906848,239.22895030950505,224.8,regularized_logistic_raw,passed,bovada,xsportsbook_bovada_archive,historical_posted_unstamped,,2022-12-24 18:00:00+00:00
2022,16,final_test,00-0036355,Justin Herbert,QB,LAC,IND,passing,under,279.5,-115,-115,-115,0.7513453584520773,0.5,0.2513453584520773,235.0,win,pass,0.8695652173913043,257.3342269851609,253.9310674856876,313.8,regularized_logistic_raw,passed,bovada,xsportsbook_bovada_archive,historical_posted_unstamped,,2022-12-27 01:15:00+00:00
2022,16,final_test,00-0038102,Kenny Pickett,QB,PIT,LV,passing,under,186.5,105,-135,-135,0.5713478848738875,0.5407914020517831,0.030556482822104436,244.0,loss,fail,-1.0,171.08233121861795,160.8021624771171,167.0,regularized_logistic_raw,passed,bovada,xsportsbook_bovada_archive,historical_posted_unstamped,,2022-12-25 01:15:00+00:00
2022,16,final_test,00-0029604,Kirk Cousins,QB,MIN,NYG,passing,under,271.5,-115,-115,-115,0.7009795821438065,0.5,0.2009795821438065,299.0,loss,fail,-1.0,272.65883236321343,271.7032379028432,292.4,regularized_logistic_raw,passed,bovada,xsportsbook_bovada_archive,historical_posted_unstamped,,2022-12-24 18:00:00+00:00
2022,16,final_test,00-0036972,Mac Jones,QB,NE,CIN,passing,under,216.5,100,-130,-130,0.6591954577882595,0.5306122448979591,0.1285832128903004,240.0,loss,fail,-1.0,192.55235532310863,200.06010481247745,234.0,regularized_logistic_raw,passed,bovada,xsportsbook_bovada_archive,historical_posted_unstamped,,2022-12-24 18:00:00+00:00
2022,16,final_test,00-0029263,Russell Wilson,QB,DEN,LA,passing,under,219.5,-115,-115,-115,0.581942437969196,0.5,0.08194243796919598,214.0,win,pass,0.8695652173913043,206.32083166016983,204.94466634045028,222.2,regularized_logistic_raw,passed,bovada,xsportsbook_bovada_archive,historical_posted_unstamped,,2022-12-25 21:30:00+00:00
2022,16,final_test,00-0031800,Taylor Heinicke,QB,WAS,SF,passing,under,189.5,-110,-120,-120,0.6152135214805521,0.5101214574898785,0.10509206399067361,166.0,win,pass,0.8333333333333334,197.72500820892188,200.5475022497136,212.8,regularized_logistic_raw,passed,bovada,xsportsbook_bovada_archive,historical_posted_unstamped,,2022-12-24 21:05:00+00:00
2022,16,final_test,00-0019596,Tom Brady,QB,TB,ARI,passing,under,275.5,-115,-115,-115,0.7473647606518842,0.5,0.24736476065188417,281.0,loss,fail,-1.0,258.8533635194329,265.1673249484341,270.0,regularized_logistic_raw,passed,bovada,xsportsbook_bovada_archive,historical_posted_unstamped,,2022-12-26 01:20:00+00:00
2022,16,final_test,00-0036971,Trevor Lawrence,QB,JAX,NYJ,passing,under,212.5,-115,-115,-115,0.6744927487407547,0.5,0.1744927487407547,229.0,loss,fail,-1.0,258.6826233374611,258.5116821560639,289.0,regularized_logistic_raw,passed,bovada,xsportsbook_bovada_archive,historical_posted_unstamped,,2022-12-23 01:15:00+00:00
2022,16,final_test,00-0036212,Tua Tagovailoa,QB,MIA,GB,passing,under,274.5,-110,-120,-120,0.5740372697192713,0.5101214574898785,0.0639158122293928,310.0,loss,fail,-1.0,219.75207359114063,224.309280413801,251.6,regularized_logistic_raw,passed,bovada,xsportsbook_bovada_archive,historical_posted_unstamped,,2022-12-25 18:00:00+00:00
2022,16,final_test,00-0035993,Tyler Huntley,QB,BAL,ATL,passing,under,155.5,-115,-115,-115,0.6692629236100884,0.5,0.16926292361008843,115.0,win,pass,0.8695652173913043,153.7835830083658,157.60935313581896,150.2,regularized_logistic_raw,passed,bovada,xsportsbook_bovada_archive,historical_posted_unstamped,,2022-12-24 18:00:00+00:00
2022,17,final_test,00-0023459,Aaron Rodgers,QB,GB,MIN,passing,under,255.5,-115,-115,-115,0.6059898815853457,0.5,0.10598988158534572,159.0,win,pass,0.8695652173913043,243.63481303773045,238.5538332552265,203.2,regularized_logistic_raw,passed,bovada,xsportsbook_bovada_archive,historical_posted_unstamped,,2023-01-01 21:25:00+00:00
2022,17,final_test,00-0034855,Baker Mayfield,QB,LA,LAC,passing,under,196.5,-115,-115,-115,0.6300444359870275,0.5,0.13004443598702753,132.0,win,pass,0.8695652173913043,200.1989100305011,197.18630093910247,184.4,regularized_logistic_raw,passed,bovada,xsportsbook_bovada_archive,historical_posted_unstamped,,
2022,17,final_test,00-0037834,Brock Purdy,QB,SF,LV,passing,under,220.5,-115,-115,-115,0.6173783936410159,0.5,0.11737839364101588,284.0,loss,fail,-1.0,160.48380964672296,167.37648681811828,169.2,regularized_logistic_raw,passed,bovada,xsportsbook_bovada_archive,historical_posted_unstamped,,2023-01-01 21:05:00+00:00
2022,17,final_test,00-0032950,Carson Wentz,QB,WAS,CLE,passing,under,210.5,-115,-115,-115,0.5917639107929213,0.5,0.09176391079292134,143.0,win,pass,0.8695652173913043,198.6027819175722,197.33752709248336,192.4,regularized_logistic_raw,passed,bovada,xsportsbook_bovada_archive,historical_posted_unstamped,,2023-01-01 18:00:00+00:00
2022,17,final_test,00-0033077,Dak Prescott,QB,DAL,TEN,passing,under,237.5,-125,-105,-105,0.5670895944782937,0.47969543147208116,0.0873941630062125,282.0,loss,fail,-1.0,267.44420353694335,266.41400279772665,263.6,regularized_logistic_raw,passed,bovada,xsportsbook_bovada_archive,historical_posted_unstamped,,2022-12-30 01:15:00+00:00
2022,17,final_test,00-0035710,Daniel Jones,QB,NYG,IND,passing,under,203.5,-115,-115,-115,0.6896920954271715,0.5,0.18969209542717147,177.0,win,pass,0.8695652173913043,216.2656024332851,223.4530739884463,218.2,regularized_logistic_raw,passed,bovada,xsportsbook_bovada_archive,historical_posted_unstamped,,2023-01-01 18:00:00+00:00
2022,17,final_test,00-0033537,Deshaun Watson,QB,CLE,WAS,passing,under,216.5,-115,-115,-115,0.569121130540167,0.5,0.069121130540167,169.0,win,pass,0.8695652173913043,211.3299277663342,184.67284689594692,213.6,regularized_logistic_raw,passed,bovada,xsportsbook_bovada_archive,historical_posted_unstamped,,2023-01-01 18:00:00+00:00
2022,17,final_test,00-0030565,Geno Smith,QB,SEA,NYJ,passing,under,233.5,-115,-115,-115,0.6795220532380535,0.5,0.17952205323805348,183.0,win,pass,0.8695652173913043,225.9088369118414,220.606982698323,282.4,regularized_logistic_raw,passed,bovada,xsportsbook_bovada_archive,historical_posted_unstamped,,2023-01-01 21:05:00+00:00
2022,17,final_test,00-0033106,Jared Goff,QB,DET,CHI,passing,under,280.5,-115,-115,-115,0.7021744775421612,0.5,0.20217447754216122,255.0,win,pass,0.8695652173913043,270.16861611704115,271.27431115537524,303.4,regularized_logistic_raw,passed,bovada,xsportsbook_bovada_archive,historical_posted_unstamped,,2023-01-01 18:00:00+00:00
2022,17,final_test,00-0035264,Jarrett Stidham,QB,LV,SF,passing,under,203.5,-115,-115,-115,0.5724947040634346,0.5,0.07249470406343461,365.0,loss,fail,-1.0,105.2714857356644,99.04414861161452,53.6,regularized_logistic_raw,passed,bovada,xsportsbook_bovada_archive,historical_posted_unstamped,,2023-01-01 21:05:00+00:00
2022,17,final_test,00-0036355,Justin Herbert,QB,LAC,LA,passing,under,278.5,-115,-115,-115,0.7219850253299336,0.5,0.22198502532993358,212.0,win,pass,0.8695652173913043,255.68812803835624,235.5756798986631,304.8,regularized_logistic_raw,passed,bovada,xsportsbook_bovada_archive,historical_posted_unstamped,,2023-01-01 21:25:00+00:00
2022,17,final_test,00-0038102,Kenny Pickett,QB,PIT,BAL,passing,under,193.5,-115,-115,-115,0.6157539999698962,0.5,0.11575399996989622,168.0,win,pass,0.8695652173913043,167.7809076611383,173.6200356359267,176.0,regularized_logistic_raw,passed,bovada,xsportsbook_bovada_archive,historical_posted_unstamped,,2023-01-02 01:20:00+00:00
2022,17,final_test,00-0029604,Kirk Cousins,QB,MIN,GB,passing,under,261.5,-105,-125,-125,0.7297007527960055,0.5203045685279188,0.2093961842680867,205.0,win,pass,0.8,263.5882374866421,254.1809725862505,331.2,regularized_logistic_raw,passed,bovada,xsportsbook_bovada_archive,historical_posted_unstamped,,2023-01-01 21:25:00+00:00
2022,17,final_test,00-0036972,Mac Jones,QB,NE,MIA,passing,under,226.5,-115,-115,-115,0.6324526397150394,0.5,0.1324526397150394,204.0,win,pass,0.8695652173913043,202.85197648007355,213.5744759703641,232.8,regularized_logistic_raw,passed,bovada,xsportsbook_bovada_archive,historical_posted_unstamped,,2023-01-01 18:00:00+00:00
2022,17,final_test,00-0034401,Mike White,QB,NYJ,SEA,passing,under,247.5,-115,-115,-115,0.7310585178355764,0.5,0.2310585178355764,240.0,win,pass,0.8695652173913043,231.33158658701203,232.12632399014112,259.6,regularized_logistic_raw,passed,bovada,xsportsbook_bovada_archive,historical_posted_unstamped,,2023-01-01 21:05:00+00:00
2022,17,final_test,00-0029263,Russell Wilson,QB,DEN,KC,passing,under,221.5,-115,-115,-115,0.6284985497002752,0.5,0.1284985497002752,222.0,loss,fail,-1.0,218.65479697359456,214.4859902121329,207.8,regularized_logistic_raw,passed,bovada,xsportsbook_bovada_archive,historical_posted_unstamped,,2023-01-01 18:00:00+00:00
2022,17,final_test,00-0031237,Teddy Bridgewater,QB,MIA,NE,passing,under,232.5,-115,-115,-115,0.567742080124803,0.5,0.06774208012480298,161.0,win,pass,0.8695652173913043,137.8397680926028,154.98828318778465,124.0,regularized_logistic_raw,passed,bovada,xsportsbook_bovada_archive,historical_posted_unstamped,,2023-01-01 18:00:00+00:00
2022,17,final_test,00-0019596,Tom Brady,QB,TB,CAR,passing,under,280.5,-115,-115,-115,0.7706061959970186,0.5,0.27060619599701863,432.0,loss,fail,-1.0,251.90851254193612,253.69077825496728,274.6,regularized_logistic_raw,passed,bovada,xsportsbook_bovada_archive,historical_posted_unstamped,,2023-01-01 18:00:00+00:00
2022,17,final_test,00-0036971,Trevor Lawrence,QB,JAX,HOU,passing,under,245.5,-115,-115,-115,0.6950569868160026,0.5,0.1950569868160026,152.0,win,pass,0.8695652173913043,258.68749991337063,249.33634148623048,283.0,regularized_logistic_raw,passed,bovada,xsportsbook_bovada_archive,historical_posted_unstamped,,2023-01-01 18:00:00+00:00
2022,17,final_test,00-0035993,Tyler Huntley,QB,BAL,PIT,passing,under,170.5,-115,-115,-115,0.6062970344790849,0.5,0.1062970344790849,130.0,win,pass,0.8695652173913043,141.31509398175496,152.0596415065067,133.8,regularized_logistic_raw,passed,bovada,xsportsbook_bovada_archive,historical_posted_unstamped,,2023-01-02 01:20:00+00:00
2022,18,final_test,00-0023459,Aaron Rodgers,QB,GB,DET,passing,under,253.5,-115,-115,-115,0.6318039095310002,0.5,0.13180390953100019,205.0,win,pass,0.8695652173913043,236.56691320255817,234.973249271933,189.6,regularized_logistic_raw,passed,bovada,xsportsbook_bovada_archive,historical_posted_unstamped,,2023-01-09 01:20:00+00:00
2022,18,final_test,00-0027973,Andy Dalton,QB,NO,CAR,passing,under,211.5,-115,-115,-115,0.5683849102230354,0.5,0.06838491022303539,171.0,win,pass,0.8695652173913043,175.40202489313523,176.71076723711374,176.2,regularized_logistic_raw,passed,bovada,xsportsbook_bovada_archive,historical_posted_unstamped,,2023-01-08 18:00:00+00:00
2022,18,final_test,00-0036898,Davis Mills,QB,HOU,IND,passing,under,200.5,-115,-115,-115,0.6070577174077889,0.5,0.10705771740778891,298.0,loss,fail,-1.0,191.96189793290336,201.547238156873,169.0,regularized_logistic_raw,passed,bovada,xsportsbook_bovada_archive,historical_posted_unstamped,,2023-01-08 18:00:00+00:00
2022,18,final_test,00-0038122,Desmond Ridder,QB,ATL,TB,passing,under,180.5,-115,-115,-115,0.7057934404269341,0.5,0.20579344042693415,224.0,loss,fail,-1.0,178.70311405301192,180.44277068795589,161.33333333333334,regularized_logistic_raw,passed,bovada,xsportsbook_bovada_archive,historical_posted_unstamped,,2023-01-08 18:00:00+00:00
2022,18,final_test,00-0030565,Geno Smith,QB,SEA,LA,passing,under,240.5,-115,-115,-115,0.6248430705201939,0.5,0.12484307052019394,213.0,win,pass,0.8695652173913043,203.71272365270903,208.527785870318,253.4,regularized_logistic_raw,passed,bovada,xsportsbook_bovada_archive,historical_posted_unstamped,,2023-01-08 21:25:00+00:00
2022,18,final_test,00-0036389,Jalen Hurts,QB,PHI,NYG,passing,under,246.5,-115,-115,-115,0.7254939468136989,0.5,0.22549394681369894,229.0,win,pass,0.8695652173913043,212.9500193081629,218.9761634085923,251.0,regularized_logistic_raw,passed,bovada,xsportsbook_bovada_archive,historical_posted_unstamped,,2023-01-08 21:25:00+00:00
2022,18,final_test,00-0033106,Jared Goff,QB,DET,GB,passing,under,249.5,110,-145,-145,0.6602474640820402,0.5541401273885351,0.10610733669350503,224.0,win,pass,0.6896551724137931,266.42163613650973,266.7347185432442,306.4,regularized_logistic_raw,passed,bovada,xsportsbook_bovada_archive,historical_posted_unstamped,,2023-01-09 01:20:00+00:00
2022,18,final_test,00-0035264,Jarrett Stidham,QB,LV,KC,passing,under,239.5,-115,-115,-115,0.6382309113094908,0.5,0.13823091130949083,219.0,win,pass,0.8695652173913043,123.27907355116284,141.75737286657247,113.8,regularized_logistic_raw,passed,bovada,xsportsbook_bovada_archive,historical_posted_unstamped,,2023-01-07 21:30:00+00:00
2022,18,final_test,00-0036442,Joe Burrow,QB,CIN,BAL,passing,under,259.5,-115,-115,-115,0.6970546096545431,0.5,0.19705460965454313,215.0,win,pass,0.8695652173913043,277.4297145408057,273.1391858567672,274.0,regularized_logistic_raw,passed,bovada,xsportsbook_bovada_archive,historical_posted_unstamped,,2023-01-08 18:00:00+00:00
2022,18,final_test,00-0026158,Joe Flacco,QB,NYJ,MIA,passing,under,227.5,105,-135,-135,0.5967409331179161,0.5407914020517831,0.055949531066132985,149.0,win,pass,0.7407407407407407,213.112781000146,217.32450245847355,238.6,regularized_logistic_raw,passed,bovada,xsportsbook_bovada_archive,historical_posted_unstamped,,2023-01-08 18:00:00+00:00
2022,18,final_test,00-0034857,Josh Allen,QB,BUF,NE,passing,under,262.5,-115,-115,-115,0.603815312805285,0.5,0.103815312805285,254.0,win,pass,0.8695652173913043,241.52189094456733,240.7577642383492,219.8,regularized_logistic_raw,passed,bovada,xsportsbook_bovada_archive,historical_posted_unstamped,,2023-01-08 18:00:00+00:00
2022,18,final_test,00-0033949,Joshua Dobbs,QB,TEN,JAX,passing,under,187.5,-125,-105,-105,0.6017429840853862,0.47969543147208116,0.12204755261330502,179.0,win,pass,0.9523809523809523,115.72838087407084,131.82024159765928,55.4,regularized_logistic_raw,passed,bovada,xsportsbook_bovada_archive,historical_posted_unstamped,,2023-01-08 01:15:00+00:00
2022,18,final_test,00-0038102,Kenny Pickett,QB,PIT,CLE,passing,under,195.5,-115,-115,-115,0.6196597061200162,0.5,0.1196597061200162,195.0,win,pass,0.8695652173913043,170.03714838498257,157.3263024596173,156.6,regularized_logistic_raw,passed,bovada,xsportsbook_bovada_archive,historical_posted_unstamped,,2023-01-08 18:00:00+00:00
2022,18,final_test,00-0036972,Mac Jones,QB,NE,BUF,passing,under,230.5,-105,-125,-125,0.615583787084695,0.5203045685279188,0.09527921855677612,243.0,loss,fail,-1.0,219.51119590399853,213.0038173369637,197.2,regularized_logistic_raw,passed,bovada,xsportsbook_bovada_archive,historical_posted_unstamped,,2023-01-08 18:00:00+00:00
2022,18,final_test,00-0029263,Russell Wilson,QB,DEN,LAC,passing,under,230.5,-115,-115,-115,0.6426688459242492,0.5,0.14266884592424922,283.0,loss,fail,-1.0,213.0750147892755,204.40492287088085,202.8,regularized_logistic_raw,passed,bovada,xsportsbook_bovada_archive,historical_posted_unstamped,,2023-01-08 21:25:00+00:00
2022,18,final_test,00-0034869,Sam Darnold,QB,CAR,NO,passing,under,198.5,-120,-110,-110,0.6443377469723935,0.4898785425101214,0.15445920446227213,43.0,win,pass,0.9090909090909091,214.86829427489167,211.0553504717577,220.0,regularized_logistic_raw,passed,bovada,xsportsbook_bovada_archive,historical_posted_unstamped,,2023-01-08 18:00:00+00:00
2022,18,final_test,00-0036971,Trevor Lawrence,QB,JAX,TEN,passing,under,269.5,-115,-115,-115,0.6493124709778876,0.5,0.14931247097788758,212.0,win,pass,0.8695652173913043,240.2506503477757,246.66200961390405,249.2,regularized_logistic_raw,passed,bovada,xsportsbook_bovada_archive,historical_posted_unstamped,,2023-01-08 01:15:00+00:00
